0 0.54833984375 0.6789297658862876 0.0478515625 0.07357859531772575
0 0.57568359375 0.7115384615384616 0.0458984375 0.08193979933110368
0 0.6015625 0.7424749163879598 0.04296875 0.10033444816053512
0 0.63232421875 0.7792642140468228 0.0478515625 0.10033444816053512
0 0.662109375 0.8118729096989966 0.044921875 0.09866220735785954
0 0.68701171875 0.8403010033444815 0.0419921875 0.09531772575250835
0 0.59765625 0.5785953177257525 0.041015625 0.08361204013377926
0 0.623046875 0.6036789297658863 0.03515625 0.08695652173913043
0 0.64990234375 0.6354515050167224 0.0439453125 0.09698996655518395
0 0.67724609375 0.6647157190635451 0.0458984375 0.09866220735785954
0 0.70751953125 0.6998327759197325 0.0439453125 0.09197324414715718
0 0.73388671875 0.7290969899665551 0.0400390625 0.0903010033444816
