0 0.40966796875 0.9122541603630863 0.0869140625 0.10287443267776097
0 0.3759765625 0.7534039334341907 0.080078125 0.0907715582450832
0 0.55517578125 0.8101361573373677 0.0615234375 0.07413010590015129
0 0.54150390625 0.31089258698940997 0.0498046875 0.059001512859304085
0 0.572265625 0.36157337367624814 0.048828125 0.06354009077155824
0 0.5234375 0.42208774583963693 0.048828125 0.06656580937972768
0 0.5576171875 0.4659606656580938 0.052734375 0.06959152798789713
0 0.58056640625 0.527231467473525 0.0517578125 0.0680786686838124
0 0.46923828125 0.48184568835098335 0.0439453125 0.06202723146747353
0 0.5078125 0.5310136157337367 0.056640625 0.06354009077155824
0 0.53173828125 0.5968229954614221 0.0537109375 0.07110438729198185
0 0.556640625 0.6686838124054463 0.0546875 0.06959152798789713
0 0.455078125 0.5953101361573374 0.0625 0.07413010590015129
0 0.474609375 0.6739788199697428 0.0546875 0.07110438729198185
0 0.498046875 0.7488653555219364 0.052734375 0.06656580937972768
