0 0.046875 0.21603053435114503 0.04296875 0.07786259541984733
0 0.0908203125 0.20687022900763358 0.046875 0.08091603053435115
0 0.02001953125 0.3251908396946565 0.0380859375 0.08854961832061069
0 0.06005859375 0.29847328244274807 0.0517578125 0.08091603053435115
0 0.103515625 0.29465648854961835 0.05078125 0.07633587786259542
0 0.14892578125 0.28549618320610687 0.0517578125 0.07633587786259542
0 0.06884765625 0.38702290076335877 0.0517578125 0.08396946564885496
0 0.11767578125 0.3900763358778626 0.0537109375 0.08396946564885496
0 0.16552734375 0.3916030534351145 0.0537109375 0.08396946564885496
0 0.22998046875 0.33969465648854963 0.0634765625 0.0900763358778626
0 0.11181640625 0.5541984732824428 0.0595703125 0.10381679389312977
0 0.21484375 0.5618320610687023 0.060546875 0.10381679389312977
0 0.3623046875 0.6061068702290077 0.046875 0.07022900763358779
0 0.59130859375 0.39083969465648855 0.0517578125 0.08244274809160305
0 0.63818359375 0.3702290076335878 0.0556640625 0.08396946564885496
0 0.685546875 0.3793893129770992 0.05078125 0.08091603053435115
0 0.72802734375 0.3946564885496183 0.0556640625 0.08702290076335878
0 0.61376953125 0.4862595419847328 0.0458984375 0.08091603053435115
0 0.65576171875 0.4809160305343511 0.0498046875 0.08244274809160305
0 0.70068359375 0.4748091603053435 0.0478515625 0.09465648854961832
0 0.84521484375 0.6106870229007634 0.0498046875 0.0732824427480916
