0 0.10111223458038424 0.3618538324420677 0.03842264914054601 0.12477718360071301
0 0.1481294236602629 0.37522281639928695 0.05156723963599596 0.1229946524064171
0 0.2057633973710819 0.38591800356506234 0.055611729019211326 0.1194295900178253
0 0.2522750252780587 0.39304812834224595 0.05156723963599596 0.1229946524064171
0 0.30788675429726997 0.40017825311942956 0.04954499494438827 0.1194295900178253
0 0.35439838220424674 0.4064171122994652 0.053589484327603645 0.11764705882352941
0 0.41203235591506576 0.4206773618538324 0.04752275025278059 0.11764705882352941
0 0.4585439838220425 0.42869875222816395 0.05156723963599596 0.1194295900178253
0 0.5232558139534884 0.43582887700534756 0.04954499494438827 0.1229946524064171
0 0.5738119312436805 0.4474153297682709 0.05156723963599596 0.1212121212121212
0 0.6309403437815976 0.45543672014260245 0.046511627906976744 0.1265597147950089
0 0.6814964610717897 0.46256684491978606 0.04853387259858443 0.1265597147950089
0 0.7391304347826088 0.47058823529411764 0.046511627906976744 0.1319073083778966
0 0.6309403437815976 0.6773618538324421 0.046511627906976744 0.1497326203208556
0 0.6830131445904954 0.6898395721925134 0.04752275025278059 0.1497326203208556
0 0.7441860465116279 0.6951871657754011 0.05055611729019212 0.1497326203208556
0 0.7957532861476239 0.7058823529411764 0.05055611729019212 0.142602495543672
