0 0.02587890625 0.69140625 0.0498046875 0.064453125
0 0.02490234375 0.75927734375 0.0478515625 0.0595703125
0 0.02734375 0.83251953125 0.052734375 0.0576171875
0 0.02734375 0.9033203125 0.052734375 0.064453125
0 0.123046875 0.70458984375 0.06640625 0.0615234375
0 0.1904296875 0.70703125 0.0625 0.064453125
0 0.1259765625 0.80419921875 0.07421875 0.0791015625
0 0.10888671875 0.89599609375 0.0732421875 0.0673828125
0 0.189453125 0.89599609375 0.076171875 0.0732421875
0 0.1552734375 0.4521484375 0.07421875 0.0703125
