0 0.642578125 0.8512747875354109 0.048828125 0.056657223796033995
0 0.8212890625 0.5077903682719547 0.052734375 0.05240793201133145
0 0.90625 0.3590651558073655 0.0234375 0.07507082152974505
0 0.93408203125 0.3286118980169972 0.0263671875 0.0736543909348442
0 0.96533203125 0.28895184135977336 0.0263671875 0.0821529745042493
0 0.94091796875 0.11968838526912182 0.0419921875 0.07790368271954674
0 0.88525390625 0.21458923512747877 0.0537109375 0.03824362606232295
0 0.71240234375 0.45467422096317284 0.0595703125 0.0368271954674221
0 0.6552734375 0.5318696883852692 0.056640625 0.03824362606232295
0 0.6240234375 0.56657223796034 0.05078125 0.0368271954674221
0 0.68115234375 0.1813031161473088 0.0380859375 0.0708215297450425
0 0.65966796875 0.2046742209631728 0.0400390625 0.06657223796033995
0 0.6123046875 0.24787535410764874 0.041015625 0.0708215297450425
0 0.59423828125 0.2719546742209632 0.0341796875 0.06515580736543909
0 0.57177734375 0.2924929178470255 0.0400390625 0.06940509915014165
0 0.5517578125 0.31586402266288954 0.041015625 0.0736543909348442
0 0.53125 0.34490084985835695 0.0390625 0.06373937677053824
0 0.50830078125 0.44405099150141647 0.0439453125 0.060906515580736544
0 0.5146484375 0.47733711048158645 0.041015625 0.053824362606232294
0 0.53564453125 0.5070821529745043 0.0419921875 0.056657223796033995
0 0.55810546875 0.5509915014164306 0.0263671875 0.0764872521246459
0 0.58837890625 0.5396600566572238 0.0224609375 0.0623229461756374
0 0.6103515625 0.5021246458923513 0.025390625 0.07790368271954674
0 0.51220703125 0.5906515580736544 0.0458984375 0.0623229461756374
0 0.49169921875 0.5488668555240793 0.0419921875 0.05524079320113315
0 0.47021484375 0.528328611898017 0.0498046875 0.0679886685552408
0 0.45166015625 0.4985835694050992 0.0478515625 0.06515580736543909
0 0.435546875 0.4674220963172805 0.0546875 0.0623229461756374
0 0.421875 0.43059490084985835 0.05078125 0.053824362606232294
0 0.41162109375 0.3895184135977337 0.0458984375 0.053824362606232294
0 0.4033203125 0.34490084985835695 0.04296875 0.04107648725212465
0 0.3916015625 0.3052407932011332 0.052734375 0.046742209631728045
0 0.3720703125 0.49787535410764877 0.056640625 0.046742209631728045
0 0.3623046875 0.561614730878187 0.041015625 0.05240793201133145
0 0.41748046875 0.6175637393767706 0.0634765625 0.0764872521246459
0 0.4521484375 0.32223796033994334 0.041015625 0.06657223796033995
0 0.47705078125 0.2953257790368272 0.0400390625 0.06657223796033995
0 0.521484375 0.25354107648725216 0.03515625 0.0623229461756374
0 0.541015625 0.23158640226628896 0.03515625 0.060906515580736544
0 0.5595703125 0.20538243626062325 0.0390625 0.0764872521246459
0 0.5830078125 0.18838526912181305 0.0390625 0.0679886685552408
0 0.60400390625 0.1614730878186969 0.0400390625 0.0764872521246459
0 0.5546875 0.10764872521246459 0.041015625 0.0736543909348442
0 0.509765625 0.16076487252124647 0.033203125 0.060906515580736544
0 0.4853515625 0.17988668555240794 0.03515625 0.0623229461756374
0 0.43994140625 0.22025495750708216 0.0380859375 0.06940509915014165
0 0.4150390625 0.24079320113314448 0.041015625 0.0764872521246459
0 0.13671875 0.5920679886685553 0.02734375 0.0878186968838527
0 0.2119140625 0.6196883852691218 0.029296875 0.060906515580736544
0 0.478515625 0.6805949008498584 0.048828125 0.06940509915014165
0 0.5380859375 0.6458923512747876 0.05078125 0.0311614730878187
0 0.58837890625 0.6451841359773371 0.0478515625 0.029745042492917848
0 0.61376953125 0.6083569405099151 0.0458984375 0.029745042492917848
0 0.5048828125 0.9638810198300284 0.04296875 0.06373937677053824
0 0.6376953125 0.47592067988668557 0.025390625 0.056657223796033995
0 0.66943359375 0.4412181303116148 0.0244140625 0.060906515580736544
0 0.6865234375 0.4964589235127479 0.052734375 0.03541076487252125
0 0.72314453125 0.3548158640226629 0.0244140625 0.06373937677053824
0 0.73974609375 0.4178470254957507 0.0537109375 0.0311614730878187
0 0.57421875 0.08144475920679888 0.0390625 0.05524079320113315
0 0.6015625 0.0679886685552408 0.033203125 0.056657223796033995
0 0.6279296875 0.13526912181303116 0.03515625 0.05807365439093485
0 0.91064453125 0.17705382436260625 0.0498046875 0.039660056657223795
0 0.8505859375 0.2528328611898017 0.0546875 0.03541076487252125
0 0.79296875 0.9065155807365439 0.04296875 0.0764872521246459
0 0.486328125 0.3888101983002833 0.044921875 0.060906515580736544
0 0.5107421875 0.36756373937677056 0.037109375 0.05524079320113315
