0 0.9130859375 0.6931818181818182 0.052734375 0.05397727272727273
0 0.40673828125 0.875 0.0322265625 0.06818181818181818
0 0.45458984375 0.7471590909090909 0.0302734375 0.06818181818181818
0 0.57373046875 0.4552556818181818 0.0556640625 0.05539772727272727
0 0.6572265625 0.4247159090909091 0.029296875 0.07954545454545454
0 0.4443359375 0.2741477272727273 0.03515625 0.07386363636363637
0 0.2958984375 0.21661931818181818 0.044921875 0.05539772727272727
0 0.6982421875 0.06747159090909091 0.033203125 0.05539772727272727
0 0.720703125 0.078125 0.033203125 0.05397727272727273
0 0.75927734375 0.10298295454545454 0.0322265625 0.06676136363636363
0 0.8095703125 0.14275568181818182 0.03515625 0.08096590909090909
0 0.9140625 0.22017045454545456 0.03125 0.07102272727272728
0 0.94091796875 0.2315340909090909 0.0341796875 0.07954545454545454
0 0.9658203125 0.2571022727272727 0.029296875 0.07386363636363637
0 0.9873046875 0.27840909090909094 0.025390625 0.06534090909090909
0 0.12841796875 0.04616477272727273 0.0458984375 0.06960227272727273
0 0.15673828125 0.3309659090909091 0.0419921875 0.06534090909090909
0 0.5166015625 0.4119318181818182 0.0390625 0.05113636363636364
0 0.7099609375 0.7542613636363636 0.03515625 0.07386363636363637
0 0.7353515625 0.7805397727272727 0.0390625 0.08096590909090909
0 0.85400390625 0.6427556818181819 0.0439453125 0.049715909090909095
0 0.78515625 0.11292613636363637 0.041015625 0.08380681818181819
0 0.4853515625 0.6740056818181819 0.04296875 0.08096590909090909
