0 0.76611328125 0.3137535816618911 0.0498046875 0.04871060171919771
0 0.5478515625 0.3660458452722063 0.02734375 0.08452722063037249
0 0.44677734375 0.417621776504298 0.0283203125 0.07593123209169055
0 0.455078125 0.5071633237822349 0.033203125 0.10315186246418338
0 0.4677734375 0.7084527220630372 0.02734375 0.07879656160458452
0 0.24267578125 0.22134670487106017 0.0576171875 0.055873925501432664
0 0.1748046875 0.44126074498567336 0.033203125 0.07163323782234957
0 0.16064453125 0.6561604584527221 0.0322265625 0.07449856733524356
0 0.1171875 0.6081661891117478 0.033203125 0.07020057306590258
0 0.06396484375 0.578080229226361 0.0341796875 0.07020057306590258
0 0.08935546875 0.12106017191977077 0.0517578125 0.044412607449856735
0 0.0830078125 0.15830945558739254 0.046875 0.04154727793696275
0 0.078125 0.20200573065902577 0.044921875 0.04871060171919771
0 0.07568359375 0.24785100286532952 0.0478515625 0.05157593123209169
0 0.34326171875 0.08237822349570201 0.0341796875 0.07879656160458452
