0 0.1845703125 0.5501474926253688 0.046875 0.058997050147492625
0 0.17724609375 0.13495575221238937 0.0517578125 0.06932153392330384
0 0.2607421875 0.2374631268436578 0.033203125 0.07374631268436578
0 0.28271484375 0.26253687315634217 0.0341796875 0.07374631268436578
0 0.4814453125 0.26253687315634217 0.05859375 0.07964601769911504
0 0.54248046875 0.5036873156342183 0.0322265625 0.0752212389380531
0 0.59228515625 0.5501474926253688 0.0341796875 0.07374631268436578
0 0.61279296875 0.5744837758112095 0.0302734375 0.0663716814159292
0 0.76708984375 0.6991150442477876 0.0302734375 0.06784660766961652
0 0.806640625 0.7514749262536873 0.03515625 0.0752212389380531
0 0.9501953125 0.9107669616519174 0.029296875 0.06342182890855458
0 0.927734375 0.20058997050147492 0.033203125 0.07374631268436578
0 0.97998046875 0.23303834808259588 0.0341796875 0.07079646017699115
0 0.37646484375 0.34513274336283184 0.0283203125 0.061946902654867256
0 0.46044921875 0.4277286135693215 0.0263671875 0.05309734513274336
0 0.64208984375 0.5759587020648967 0.0283203125 0.05752212389380531
0 0.6591796875 0.4247787610619469 0.04296875 0.058997050147492625
