0 0.45166015625 0.8931623931623932 0.0322265625 0.05413105413105413
0 0.46630859375 0.8568376068376069 0.0400390625 0.06695156695156695
0 0.49560546875 0.8005698005698006 0.0498046875 0.07407407407407408
0 0.51416015625 0.7742165242165242 0.0400390625 0.06125356125356125
0 0.76953125 0.47863247863247865 0.041015625 0.07122507122507123
0 0.53125 0.5035612535612536 0.0390625 0.06125356125356125
0 0.45263671875 0.3789173789173789 0.0478515625 0.05698005698005698
0 0.47119140625 0.344017094017094 0.0439453125 0.05555555555555556
0 0.6904296875 0.2777777777777778 0.04296875 0.05413105413105413
0 0.74267578125 0.2207977207977208 0.0419921875 0.04843304843304844
0 0.79833984375 0.15954415954415954 0.0537109375 0.06267806267806268
0 0.302734375 0.660968660968661 0.041015625 0.05698005698005698
0 0.4326171875 0.41951566951566954 0.0390625 0.04700854700854701
