0 0.240234375 0.7586206896551724 0.052734375 0.040229885057471264
0 0.36181640625 0.8125 0.0302734375 0.07902298850574713
0 0.31640625 0.34123563218390807 0.029296875 0.07327586206896551
0 0.49755859375 0.14727011494252873 0.0498046875 0.04741379310344827
0 0.6630859375 0.21192528735632182 0.048828125 0.04454022988505747
0 0.0712890625 0.036637931034482756 0.048828125 0.035919540229885055
0 0.43212890625 0.1235632183908046 0.0478515625 0.04310344827586207
0 0.90380859375 0.21551724137931033 0.0498046875 0.04310344827586207
0 0.9609375 0.23563218390804597 0.046875 0.040229885057471264
0 0.2451171875 0.8024425287356322 0.056640625 0.027298850574712645
