0 0.32470703125 0.8445558739255014 0.0283203125 0.08452722063037249
0 0.32568359375 0.752865329512894 0.0244140625 0.07306590257879655
0 0.60693359375 0.8932664756446991 0.0576171875 0.03868194842406877
0 0.349609375 0.5959885386819485 0.05859375 0.040114613180515755
0 0.55517578125 0.497134670487106 0.0263671875 0.08022922636103151
0 0.63818359375 0.489971346704871 0.0263671875 0.07449856733524356
0 0.81103515625 0.48638968481375355 0.0302734375 0.08739255014326647
0 0.83935546875 0.48495702005730656 0.0302734375 0.08166189111747851
0 0.86279296875 0.4806590257879656 0.0263671875 0.07879656160458452
0 0.8857421875 0.47636103151862463 0.0234375 0.0673352435530086
0 0.90869140625 0.47277936962750716 0.0244140625 0.06876790830945559
0 0.97998046875 0.3646131805157593 0.0263671875 0.06446991404011461
0 0.84619140625 0.13681948424068768 0.0361328125 0.061604584527220625
0 0.81689453125 0.12750716332378223 0.0322265625 0.06017191977077364
0 0.42724609375 0.8724928366762177 0.0498046875 0.03724928366762178
0 0.23828125 0.5157593123209169 0.021484375 0.06876790830945559
0 0.3134765625 0.5021489971346704 0.021484375 0.055873925501432664
0 0.36865234375 0.5050143266475644 0.0302734375 0.07593123209169055
0 0.5244140625 0.49641833810888253 0.025390625 0.061604584527220625
0 0.5830078125 0.49426934097421205 0.01953125 0.05444126074498567
0 0.61328125 0.498567335243553 0.025390625 0.06303724928366762
0 0.75830078125 0.48710601719197705 0.0205078125 0.06876790830945559
0 0.78515625 0.48495702005730656 0.021484375 0.06446991404011461
0 0.3154296875 0.13896848137535817 0.03125 0.07449856733524356
0 0.81689453125 0.6110315186246418 0.0458984375 0.03008595988538682
0 0.97900390625 0.15830945558739254 0.0205078125 0.0673352435530086
0 0.982421875 0.2786532951289398 0.0234375 0.07020057306590258
0 0.4228515625 0.832378223495702 0.04296875 0.03151862464183381
