0 0.8875739644970415 0.8190406976744186 0.04930966469428008 0.059593023255813955
0 0.4309664694280079 0.4251453488372093 0.04930966469428008 0.050872093023255814
0 0.38708086785009865 0.3851744186046512 0.04832347140039448 0.055232558139534885
0 0.2938856015779093 0.30450581395348836 0.04930966469428008 0.05377906976744186
0 0.1854043392504931 0.17078488372093023 0.05325443786982249 0.04796511627906977
0 0.31114398422090733 0.5087209302325582 0.03648915187376726 0.06686046511627906
0 0.2371794871794872 0.4440406976744186 0.05226824457593689 0.05377906976744186
0 0.1858974358974359 0.40261627906976744 0.046351084812623275 0.04941860465116279
0 0.24852071005917162 0.26744186046511625 0.04733727810650888 0.06976744186046512
0 0.4921104536489152 0.4796511627906977 0.04339250493096647 0.05813953488372093
0 0.5498027613412229 0.5268895348837209 0.04240631163708087 0.0625
0 0.1671597633136095 0.438953488372093 0.04043392504930967 0.05813953488372093
0 0.22238658777120315 0.48110465116279066 0.04832347140039448 0.06686046511627906
