0 0.16259765625 0.10762331838565023 0.0556640625 0.07473841554559044
0 0.23291015625 0.10762331838565023 0.0478515625 0.07473841554559044
0 0.2939453125 0.10612855007473843 0.05078125 0.07772795216741406
0 0.33837890625 0.10463378176382661 0.0517578125 0.07473841554559044
0 0.3837890625 0.10164424514200299 0.044921875 0.06875934230194321
0 0.3046875 0.24289985052316893 0.05078125 0.07324364723467863
0 0.37353515625 0.24439461883408073 0.0556640625 0.07025411061285501
0 0.23388671875 0.3393124065769806 0.0537109375 0.07174887892376682
0 0.3759765625 0.33557548579970103 0.052734375 0.07025411061285501
0 0.30517578125 0.336322869955157 0.0537109375 0.08071748878923767
0 0.1669921875 0.43273542600896864 0.046875 0.07623318385650224
0 0.20947265625 0.4319880418535127 0.0478515625 0.07174887892376682
0 0.25048828125 0.4342301943198804 0.0478515625 0.07025411061285501
0 0.326171875 0.4289985052316891 0.056640625 0.07772795216741406
0 0.38671875 0.4289985052316891 0.0546875 0.07473841554559044
0 0.1884765625 0.5142002989536621 0.03515625 0.05082212257100149
0 0.1875 0.5575485799701047 0.03515625 0.053811659192825115
0 0.2265625 0.5149476831091181 0.037109375 0.04932735426008969
0 0.2265625 0.5560538116591929 0.03515625 0.05082212257100149
0 0.2666015625 0.5142002989536621 0.037109375 0.05082212257100149
0 0.2646484375 0.5560538116591929 0.0390625 0.05680119581464873
0 0.3203125 0.5321375186846039 0.0546875 0.08071748878923767
0 0.3828125 0.5373692077727953 0.056640625 0.08221225710014948
0 0.2548828125 0.6449925261584455 0.060546875 0.08520179372197309
0 0.25830078125 0.7436472346786248 0.0576171875 0.08221225710014948
0 0.32470703125 0.6442451420029895 0.0556640625 0.08370702541106129
0 0.32568359375 0.7451420029895367 0.0556640625 0.08520179372197309
0 0.3818359375 0.641255605381166 0.056640625 0.07772795216741406
0 0.38671875 0.742899850523169 0.056640625 0.08071748878923767
