0 0.03173828125 0.14407814407814407 0.0615234375 0.07814407814407814
0 0.0322265625 0.2258852258852259 0.0625 0.08547008547008547
0 0.03076171875 0.3302808302808303 0.0595703125 0.07936507936507936
0 0.03173828125 0.40964590964590963 0.0615234375 0.08180708180708181
0 0.09521484375 0.1452991452991453 0.0693359375 0.07814407814407814
0 0.0947265625 0.22344322344322345 0.0703125 0.0757020757020757
0 0.095703125 0.3327228327228327 0.072265625 0.07692307692307693
0 0.0927734375 0.409035409035409 0.06640625 0.08547008547008547
0 0.19775390625 0.14774114774114774 0.0693359375 0.0757020757020757
0 0.201171875 0.2216117216117216 0.0703125 0.07692307692307693
0 0.20068359375 0.34676434676434675 0.0693359375 0.0757020757020757
0 0.20068359375 0.4249084249084249 0.0712890625 0.08302808302808302
0 0.26318359375 0.1446886446886447 0.0654296875 0.07692307692307693
0 0.26318359375 0.22283272283272285 0.0654296875 0.08424908424908426
0 0.26318359375 0.34676434676434675 0.0654296875 0.08302808302808302
0 0.26318359375 0.42246642246642246 0.0654296875 0.08302808302808302
0 0.37890625 0.14590964590964592 0.0703125 0.07692307692307693
0 0.37890625 0.22893772893772893 0.0703125 0.09157509157509157
0 0.37890625 0.3778998778998779 0.0703125 0.08180708180708181
0 0.37890625 0.4554334554334554 0.0703125 0.08058608058608059
0 0.44189453125 0.14713064713064714 0.0673828125 0.07936507936507936
0 0.44189453125 0.2264957264957265 0.0673828125 0.08180708180708181
0 0.44189453125 0.3711843711843712 0.0673828125 0.08302808302808302
0 0.44189453125 0.4548229548229548 0.0673828125 0.09401709401709402
0 0.50244140625 0.14590964590964592 0.0634765625 0.08180708180708181
0 0.50048828125 0.2271062271062271 0.0615234375 0.08058608058608059
0 0.55908203125 0.1446886446886447 0.0615234375 0.07936507936507936
0 0.55908203125 0.2216117216117216 0.0615234375 0.07692307692307693
0 0.55908203125 0.32967032967032966 0.0615234375 0.08058608058608059
0 0.55908203125 0.4072039072039072 0.0615234375 0.08180708180708181
0 0.55908203125 0.4884004884004884 0.0615234375 0.08302808302808302
0 0.6240234375 0.14285714285714285 0.0703125 0.0757020757020757
0 0.6240234375 0.2216117216117216 0.0703125 0.07692307692307693
0 0.6240234375 0.32967032967032966 0.0703125 0.08058608058608059
0 0.6240234375 0.4072039072039072 0.0703125 0.08180708180708181
0 0.6240234375 0.4884004884004884 0.0703125 0.08302808302808302
0 0.73095703125 0.14285714285714285 0.0693359375 0.0757020757020757
0 0.73095703125 0.24847374847374848 0.0693359375 0.07936507936507936
0 0.73095703125 0.43833943833943834 0.0693359375 0.08058608058608059
0 0.73095703125 0.5073260073260073 0.0693359375 0.07692307692307693
0 0.79443359375 0.14285714285714285 0.0673828125 0.0757020757020757
0 0.79443359375 0.24847374847374848 0.0673828125 0.07936507936507936
0 0.79443359375 0.43833943833943834 0.0673828125 0.08058608058608059
0 0.79443359375 0.5073260073260073 0.0673828125 0.07692307692307693
0 0.85791015625 0.14285714285714285 0.0673828125 0.0757020757020757
0 0.85791015625 0.24847374847374848 0.0673828125 0.07936507936507936
0 0.85791015625 0.43833943833943834 0.0673828125 0.08058608058608059
0 0.85791015625 0.5073260073260073 0.0673828125 0.07692307692307693
0 0.92138671875 0.14041514041514042 0.0712890625 0.08058608058608059
0 0.919921875 0.24786324786324787 0.068359375 0.09035409035409035
0 0.919921875 0.4358974358974359 0.064453125 0.0757020757020757
