0 0.4068627450980392 0.6436507936507937 0.054901960784313725 0.0746031746031746
0 0.42254901960784313 0.7261904761904762 0.054901960784313725 0.06507936507936508
0 0.44019607843137254 0.8063492063492064 0.050980392156862744 0.06031746031746032
0 0.48823529411764705 0.6015873015873016 0.06274509803921569 0.0761904761904762
0 0.5122549019607843 0.7015873015873015 0.06372549019607843 0.07936507936507936
0 0.5446078431372549 0.553968253968254 0.06372549019607843 0.07936507936507936
0 0.5696078431372549 0.6515873015873016 0.06470588235294117 0.08412698412698413
0 0.6313725490196078 0.49444444444444446 0.056862745098039215 0.06507936507936508
0 0.6504901960784314 0.5761904761904761 0.05784313725490196 0.06349206349206349
0 0.6691176470588235 0.653968253968254 0.055882352941176466 0.07301587301587302
