0 0.228515625 0.12012195121951219 0.064453125 0.07682926829268293
0 0.228515625 0.20548780487804877 0.064453125 0.08170731707317073
0 0.228515625 0.33170731707317075 0.064453125 0.07560975609756097
0 0.228515625 0.4189024390243902 0.064453125 0.08414634146341464
0 0.287109375 0.11585365853658537 0.0625 0.08048780487804878
0 0.287109375 0.20548780487804877 0.0625 0.07926829268292683
0 0.287109375 0.33170731707317075 0.0625 0.07560975609756097
0 0.287109375 0.4189024390243902 0.0625 0.08414634146341464
0 0.22998046875 0.5914634146341463 0.0576171875 0.08292682926829269
0 0.22998046875 0.697560975609756 0.0576171875 0.08536585365853659
0 0.22998046875 0.8268292682926829 0.0576171875 0.08048780487804878
0 0.22998046875 0.9170731707317074 0.0576171875 0.07073170731707316
0 0.2919921875 0.5914634146341463 0.0625 0.08292682926829269
0 0.2919921875 0.697560975609756 0.0625 0.08536585365853659
0 0.2919921875 0.8268292682926829 0.0625 0.08048780487804878
0 0.2919921875 0.9170731707317074 0.0625 0.07073170731707316
0 0.35498046875 0.5914634146341463 0.0634765625 0.08292682926829269
0 0.35498046875 0.697560975609756 0.0634765625 0.08536585365853659
0 0.35498046875 0.8268292682926829 0.0634765625 0.08048780487804878
0 0.35498046875 0.9170731707317074 0.0634765625 0.07073170731707316
0 0.41796875 0.5914634146341463 0.0625 0.08292682926829269
0 0.41796875 0.697560975609756 0.0625 0.08536585365853659
0 0.41796875 0.8268292682926829 0.0625 0.08048780487804878
0 0.41796875 0.9170731707317074 0.0625 0.07073170731707316
0 0.552734375 0.2 0.06640625 0.07560975609756097
0 0.552734375 0.28780487804878047 0.06640625 0.07560975609756097
0 0.68359375 0.11646341463414635 0.0625 0.07682926829268293
0 0.68359375 0.2048780487804878 0.0625 0.07317073170731707
0 0.68359375 0.27195121951219514 0.0625 0.07560975609756097
0 0.68359375 0.3445121951219512 0.0625 0.07926829268292683
0 0.68359375 0.4140243902439024 0.0625 0.07195121951219512
0 0.74658203125 0.11646341463414635 0.0693359375 0.07682926829268293
0 0.74658203125 0.2048780487804878 0.0693359375 0.07317073170731707
0 0.74658203125 0.27195121951219514 0.0693359375 0.07560975609756097
0 0.74658203125 0.3445121951219512 0.0693359375 0.07926829268292683
0 0.74658203125 0.4140243902439024 0.0693359375 0.07195121951219512
0 0.552734375 0.5896341463414634 0.0625 0.07439024390243902
0 0.552734375 0.6957317073170731 0.0625 0.07926829268292683
0 0.552734375 0.8274390243902439 0.0625 0.08170731707317073
0 0.61572265625 0.5896341463414634 0.0595703125 0.07439024390243902
0 0.61572265625 0.6957317073170731 0.0595703125 0.07926829268292683
0 0.61572265625 0.8274390243902439 0.0595703125 0.08170731707317073
0 0.6796875 0.5896341463414634 0.0625 0.07439024390243902
0 0.6796875 0.6957317073170731 0.0625 0.07926829268292683
0 0.6796875 0.8274390243902439 0.0625 0.08170731707317073
0 0.744140625 0.5896341463414634 0.0625 0.07439024390243902
0 0.744140625 0.6957317073170731 0.0625 0.07926829268292683
0 0.744140625 0.8274390243902439 0.0625 0.08170731707317073
