0 0.5483214649033571 0.13494539781591264 0.050864699898270596 0.08268330733229329
0 0.6485249237029501 0.11232449297971919 0.05595116988809766 0.0842433697347894
0 0.6307222787385555 0.23478939157566303 0.052899287894201424 0.0795631825273011
0 0.7324516785350966 0.1606864274570983 0.052899287894201424 0.0811232449297972
0 0.7115971515768057 0.3096723868954758 0.05391658189216683 0.08268330733229329
0 0.8255340793489319 0.2168486739469579 0.05391658189216683 0.0842433697347894
0 0.8092573753814852 0.3377535101404056 0.05391658189216683 0.08268330733229329
0 0.7904374364191251 0.4828393135725429 0.052899287894201424 0.0795631825273011
0 0.9140386571719227 0.30577223088923555 0.05595116988809766 0.0811232449297972
0 0.8921668362156663 0.44929797191887677 0.050864699898270596 0.0842433697347894
0 0.7929806714140386 0.48595943837753514 0.05391658189216683 0.0858034321372855
0 0.8631739572736521 0.6731669266770671 0.04984740590030519 0.0795631825273011
0 0.9399796541200407 0.6973478939157567 0.048830111902339775 0.078003120124805
0 0.8504577822990844 0.7472698907956319 0.048830111902339775 0.078003120124805
0 0.9277721261444557 0.7683307332293292 0.048830111902339775 0.07644305772230889
0 0.8377416073245167 0.8307332293291732 0.05188199389623601 0.0795631825273011
0 0.9130213631739572 0.858034321372855 0.04781281790437436 0.0811232449297972
0 0.4420142421159715 0.9063962558502341 0.05188199389623601 0.0811232449297972
