0 0.7489711934156379 0.5434782608695652 0.041152263374485604 0.05401844532279315
0 0.801440329218107 0.5513833992094862 0.04526748971193416 0.05401844532279315
0 0.7268518518518519 0.6725955204216074 0.03395061728395062 0.0461133069828722
0 0.7644032921810701 0.6785243741765481 0.03497942386831276 0.05006587615283268
0 0.8019547325102881 0.6831357048748353 0.0360082304526749 0.048748353096179184
0 0.8513374485596709 0.6930171277997366 0.03806584362139918 0.05270092226613966
0 0.8899176954732511 0.7022397891963109 0.03703703703703704 0.047430830039525695
0 0.9537037037037038 0.7121212121212122 0.03497942386831276 0.05138339920948617
0 0.7222222222222223 0.7200263504611331 0.03497942386831276 0.05138339920948617
0 0.7618312757201646 0.7285902503293807 0.0360082304526749 0.047430830039525695
0 0.8004115226337449 0.7364953886693018 0.03497942386831276 0.04479578392621871
0 0.8497942386831276 0.7450592885375494 0.03703703703703704 0.0461133069828722
0 0.8873456790123457 0.7483530961791832 0.0360082304526749 0.05270092226613966
0 0.9501028806584363 0.7674571805006588 0.03806584362139918 0.05138339920948617
0 0.7196502057613169 0.7700922266139658 0.0360082304526749 0.048748353096179184
0 0.7572016460905351 0.7793148880105402 0.03909465020576132 0.048748353096179184
0 0.7957818930041153 0.785243741765481 0.0360082304526749 0.04479578392621871
0 0.8477366255144033 0.7924901185770752 0.03497942386831276 0.05138339920948617
0 0.8847736625514404 0.8017127799736495 0.03497942386831276 0.05401844532279315
0 0.9583333333333334 0.8326745718050066 0.04012345679012346 0.05533596837944664
0 0.7309670781893005 0.8445322793148881 0.04835390946502058 0.07114624505928854
0 0.7849794238683129 0.8537549407114625 0.04938271604938272 0.07378129117259552
0 0.8410493827160495 0.8662714097496707 0.05041152263374486 0.06719367588932806
0 0.8919753086419754 0.8735177865612649 0.04732510288065844 0.06587615283267458
0 0.955761316872428 0.8978919631093545 0.03909465020576132 0.056653491436100135
0 0.7253086419753088 0.9137022397891964 0.04526748971193416 0.06982872200263505
0 0.7782921810699589 0.9262187088274045 0.05041152263374486 0.06587615283267458
0 0.837962962962963 0.9367588932806324 0.05041152263374486 0.06587615283267458
0 0.8904320987654322 0.9479578392621871 0.05041152263374486 0.06719367588932806
0 0.9531893004115227 0.9710144927536233 0.04218106995884774 0.05270092226613966
