0 0.27469135802469136 0.5725806451612904 0.03703703703703704 0.048387096774193554
0 0.31532921810699593 0.6202956989247312 0.0462962962962963 0.05779569892473119
0 0.308641975308642 0.5268817204301076 0.03703703703703704 0.051075268817204304
0 0.3477366255144033 0.5752688172043011 0.03909465020576132 0.051075268817204304
0 0.34310699588477367 0.4778225806451613 0.03806584362139918 0.05241935483870968
0 0.38323045267489714 0.5268817204301076 0.04012345679012346 0.048387096774193554
0 0.37500000000000006 0.43212365591397855 0.03806584362139918 0.05241935483870968
0 0.41512345679012347 0.48051075268817206 0.03806584362139918 0.04973118279569893
0 0.4130658436213992 0.3702956989247312 0.03189300411522634 0.04973118279569893
0 0.4444444444444445 0.40793010752688175 0.03497942386831276 0.04704301075268818
0 0.4830246913580247 0.3635752688172043 0.03395061728395062 0.04435483870967742
0 0.5190329218106996 0.1653225806451613 0.02777777777777778 0.03763440860215054
0 0.6183127572016461 0.17809139784946237 0.03497942386831276 0.05241935483870968
0 0.6435185185185186 0.14516129032258066 0.0360082304526749 0.0456989247311828
0 0.6754115226337449 0.2002688172043011 0.03395061728395062 0.0456989247311828
