0 0.02392578125 0.17694566813509544 0.0458984375 0.06901615271659324
0 0.0859375 0.16299559471365638 0.056640625 0.07342143906020558
0 0.21826171875 0.25917767988252566 0.0517578125 0.07782672540381791
0 0.3974609375 0.24449339207048457 0.046875 0.06607929515418502
0 0.3974609375 0.2966226138032305 0.046875 0.06167400881057268
0 0.39892578125 0.355359765051395 0.0439453125 0.06461086637298091
0 0.37158203125 0.4353891336270191 0.0537109375 0.08370044052863436
0 0.3720703125 0.5102790014684288 0.052734375 0.08076358296622613
0 0.41845703125 0.43685756240822315 0.0537109375 0.08370044052863436
0 0.421875 0.5117474302496329 0.052734375 0.07488986784140969
0 0.46826171875 0.43685756240822315 0.0537109375 0.08076358296622613
0 0.46923828125 0.5117474302496329 0.0576171875 0.08370044052863436
0 0.5283203125 0.40748898678414097 0.037109375 0.04845814977973568
0 0.56103515625 0.408223201174743 0.0380859375 0.05286343612334801
0 0.54541015625 0.47209985315712183 0.0537109375 0.07195301027900146
0 0.6943359375 0.237151248164464 0.05859375 0.07488986784140969
