0 0.02587890625 0.6875 0.0498046875 0.064453125
0 0.02490234375 0.75537109375 0.0478515625 0.0595703125
0 0.02734375 0.82861328125 0.052734375 0.0576171875
0 0.02734375 0.8994140625 0.052734375 0.064453125
0 0.123046875 0.70068359375 0.06640625 0.0615234375
0 0.1904296875 0.703125 0.0625 0.064453125
0 0.1259765625 0.80029296875 0.07421875 0.0791015625
0 0.10888671875 0.89208984375 0.0732421875 0.0673828125
0 0.189453125 0.89208984375 0.076171875 0.0732421875
0 0.1552734375 0.4482421875 0.07421875 0.0703125
0 0.2314453125 0.4736328125 0.07421875 0.0703125
0 0.32666015625 0.466796875 0.0771484375 0.078125
0 0.40380859375 0.4677734375 0.0791015625 0.076171875
0 0.28076171875 0.3173828125 0.0732421875 0.0625
0 0.39990234375 0.35107421875 0.0693359375 0.0595703125
0 0.49755859375 0.28564453125 0.0732421875 0.0673828125
0 0.568359375 0.3115234375 0.0546875 0.060546875
0 0.54736328125 0.35791015625 0.0615234375 0.0556640625
0 0.62255859375 0.353515625 0.0693359375 0.064453125
0 0.33544921875 0.6796875 0.0751953125 0.076171875
0 0.2841796875 0.7890625 0.06640625 0.056640625
0 0.2802734375 0.84033203125 0.05859375 0.0576171875
0 0.2841796875 0.89208984375 0.06640625 0.0615234375
0 0.3603515625 0.7841796875 0.060546875 0.05859375
0 0.35888671875 0.8427734375 0.0634765625 0.052734375
0 0.35888671875 0.8896484375 0.0634765625 0.052734375
0 0.4501953125 0.7900390625 0.076171875 0.0703125
0 0.44970703125 0.8603515625 0.0751953125 0.064453125
0 0.5400390625 0.7900390625 0.064453125 0.05859375
0 0.5361328125 0.857421875 0.06640625 0.05859375
0 0.63427734375 0.8271484375 0.0771484375 0.07421875
0 0.734375 0.78125 0.064453125 0.052734375
0 0.7314453125 0.8369140625 0.05859375 0.05859375
0 0.8056640625 0.77490234375 0.072265625 0.0556640625
0 0.8037109375 0.82568359375 0.0703125 0.0634765625
0 0.8837890625 0.80810546875 0.064453125 0.0595703125
0 0.943359375 0.77490234375 0.06640625 0.0615234375
0 0.3515625 0.25732421875 0.06640625 0.0634765625
