0 0.07373046875 0.14590964590964592 0.0634765625 0.07692307692307693
0 0.072265625 0.26312576312576313 0.06640625 0.08424908424908426
0 0.07275390625 0.3492063492063492 0.0693359375 0.08302808302808302
0 0.1357421875 0.1446886446886447 0.068359375 0.08180708180708181
0 0.1328125 0.2673992673992674 0.0703125 0.08547008547008547
0 0.13671875 0.34554334554334554 0.068359375 0.08547008547008547
0 0.1953125 0.14774114774114774 0.068359375 0.0879120879120879
0 0.1982421875 0.26373626373626374 0.064453125 0.08302808302808302
0 0.197265625 0.3431013431013431 0.0703125 0.08547008547008547
0 0.259765625 0.14957264957264957 0.072265625 0.08669108669108669
0 0.25927734375 0.26373626373626374 0.0693359375 0.08058608058608059
0 0.26025390625 0.3431013431013431 0.0693359375 0.08058608058608059
0 0.37939453125 0.14407814407814407 0.0673828125 0.07814407814407814
0 0.38037109375 0.2258852258852259 0.0673828125 0.08547008547008547
0 0.376953125 0.3302808302808303 0.068359375 0.07936507936507936
0 0.3798828125 0.40964590964590963 0.06640625 0.08180708180708181
0 0.44580078125 0.1452991452991453 0.0693359375 0.07814407814407814
0 0.4453125 0.22344322344322345 0.0703125 0.0757020757020757
0 0.4462890625 0.3327228327228327 0.072265625 0.07692307692307693
0 0.443359375 0.409035409035409 0.06640625 0.08547008547008547
0 0.54833984375 0.14774114774114774 0.0693359375 0.0757020757020757
0 0.5517578125 0.2216117216117216 0.0703125 0.07692307692307693
0 0.55126953125 0.34676434676434675 0.0693359375 0.0757020757020757
0 0.55126953125 0.4249084249084249 0.0712890625 0.08302808302808302
0 0.61376953125 0.1446886446886447 0.0654296875 0.07692307692307693
0 0.61376953125 0.22283272283272285 0.0654296875 0.08424908424908426
0 0.61376953125 0.34676434676434675 0.0654296875 0.08302808302808302
0 0.61376953125 0.42246642246642246 0.0654296875 0.08302808302808302
0 0.7294921875 0.14590964590964592 0.0703125 0.07692307692307693
0 0.7294921875 0.22893772893772893 0.0703125 0.09157509157509157
0 0.7294921875 0.3778998778998779 0.0703125 0.08180708180708181
0 0.7294921875 0.4554334554334554 0.0703125 0.08058608058608059
0 0.79248046875 0.14713064713064714 0.0673828125 0.07936507936507936
0 0.79248046875 0.2264957264957265 0.0673828125 0.08180708180708181
0 0.79248046875 0.3711843711843712 0.0673828125 0.08302808302808302
0 0.79248046875 0.4548229548229548 0.0673828125 0.09401709401709402
0 0.85302734375 0.14590964590964592 0.0634765625 0.08180708180708181
0 0.85107421875 0.2271062271062271 0.0615234375 0.08058608058608059
0 0.90966796875 0.1446886446886447 0.0615234375 0.07936507936507936
0 0.90966796875 0.2216117216117216 0.0615234375 0.07692307692307693
0 0.90966796875 0.32967032967032966 0.0615234375 0.08058608058608059
0 0.90966796875 0.4072039072039072 0.0615234375 0.08180708180708181
0 0.90966796875 0.4884004884004884 0.0615234375 0.08302808302808302
0 0.9697265625 0.14285714285714285 0.060546875 0.0757020757020757
0 0.9697265625 0.2216117216117216 0.060546875 0.07692307692307693
0 0.9697265625 0.32967032967032966 0.060546875 0.08058608058608059
0 0.9697265625 0.4072039072039072 0.060546875 0.08180708180708181
0 0.9697265625 0.4884004884004884 0.060546875 0.08302808302808302
