0 0.63623046875 0.26513671875 0.0908203125 0.0830078125
0 0.7158203125 0.26025390625 0.099609375 0.0849609375
0 0.78662109375 0.2294921875 0.0927734375 0.08203125
0 0.60546875 0.3486328125 0.099609375 0.095703125
0 0.68896484375 0.35107421875 0.0966796875 0.0908203125
0 0.77978515625 0.3486328125 0.0966796875 0.083984375
0 0.5615234375 0.4443359375 0.0703125 0.076171875
0 0.56005859375 0.5048828125 0.0732421875 0.0703125
0 0.6240234375 0.4453125 0.07421875 0.068359375
0 0.62451171875 0.50732421875 0.0732421875 0.0673828125
0 0.70166015625 0.4794921875 0.1005859375 0.09375
0 0.55859375 0.57470703125 0.0703125 0.0673828125
0 0.560546875 0.63818359375 0.0703125 0.0732421875
0 0.6220703125 0.576171875 0.0703125 0.064453125
0 0.62353515625 0.63916015625 0.0732421875 0.0732421875
0 0.68359375 0.578125 0.0703125 0.0703125
0 0.685546875 0.63720703125 0.07421875 0.0712890625
0 0.74365234375 0.580078125 0.0673828125 0.0625
0 0.7431640625 0.63134765625 0.064453125 0.0576171875
0 0.55810546875 0.7109375 0.0751953125 0.076171875
0 0.61865234375 0.7080078125 0.0732421875 0.076171875
0 0.68115234375 0.708984375 0.0693359375 0.068359375
0 0.74365234375 0.708984375 0.0732421875 0.07421875
0 0.6279296875 0.79541015625 0.09375 0.0927734375
0 0.72802734375 0.7998046875 0.1005859375 0.091796875
