0 0.63623046875 0.26708984375 0.0908203125 0.0830078125
0 0.7158203125 0.26220703125 0.099609375 0.0849609375
0 0.78662109375 0.2314453125 0.0927734375 0.08203125
0 0.60546875 0.3505859375 0.099609375 0.095703125
0 0.68896484375 0.35302734375 0.0966796875 0.0908203125
0 0.77978515625 0.3505859375 0.0966796875 0.083984375
0 0.5615234375 0.4462890625 0.0703125 0.076171875
0 0.56005859375 0.5068359375 0.0732421875 0.0703125
0 0.6240234375 0.447265625 0.07421875 0.068359375
0 0.62451171875 0.50927734375 0.0732421875 0.0673828125
0 0.70166015625 0.4814453125 0.1005859375 0.09375
0 0.55859375 0.57666015625 0.0703125 0.0673828125
0 0.560546875 0.64013671875 0.0703125 0.0732421875
0 0.6220703125 0.578125 0.0703125 0.064453125
0 0.62353515625 0.64111328125 0.0732421875 0.0732421875
0 0.68359375 0.580078125 0.0703125 0.0703125
0 0.685546875 0.63916015625 0.07421875 0.0712890625
0 0.74365234375 0.58203125 0.0673828125 0.0625
0 0.7431640625 0.63330078125 0.064453125 0.0576171875
0 0.55810546875 0.712890625 0.0751953125 0.076171875
0 0.61865234375 0.7099609375 0.0732421875 0.076171875
0 0.68115234375 0.7109375 0.0693359375 0.068359375
0 0.74365234375 0.7109375 0.0732421875 0.07421875
0 0.6279296875 0.79736328125 0.09375 0.0927734375
0 0.72802734375 0.8017578125 0.1005859375 0.091796875
