0 0.13134765625 0.05217831813576495 0.0673828125 0.07193515704154002
0 0.19775390625 0.06332320162107397 0.0634765625 0.06990881458966566
0 0.2666015625 0.07446808510638299 0.064453125 0.06788247213779129
0 0.33349609375 0.08510638297872342 0.0615234375 0.07092198581560284
0 0.05078125 0.1038500506585613 0.0546875 0.057750759878419454
0 0.04931640625 0.16818642350557245 0.0537109375 0.060790273556231005
0 0.0556640625 0.2335359675785208 0.046875 0.05167173252279635
0 0.0537109375 0.2887537993920973 0.046875 0.04660587639311044
0 0.138671875 0.20010131712259374 0.046875 0.053698074974670724
0 0.18505859375 0.207193515704154 0.0458984375 0.05167173252279635
0 0.13525390625 0.25025329280648434 0.0458984375 0.04863221884498481
0 0.1826171875 0.2573454913880446 0.046875 0.04863221884498481
0 0.1328125 0.2998986828774063 0.044921875 0.050658561296859174
0 0.1806640625 0.306484295845998 0.046875 0.04964539007092199
0 0.248046875 0.21580547112462006 0.046875 0.04863221884498481
0 0.294921875 0.22289766970618036 0.044921875 0.04863221884498481
0 0.341796875 0.22998986828774065 0.048828125 0.04660587639311044
0 0.244140625 0.26545086119554206 0.046875 0.0547112462006079
0 0.29052734375 0.27355623100303955 0.0478515625 0.05268490374873354
0 0.33837890625 0.27963525835866265 0.0478515625 0.05268490374873354
0 0.2392578125 0.31661600810536983 0.046875 0.05167173252279635
0 0.28759765625 0.32218844984802436 0.0458984375 0.05268490374873354
0 0.33349609375 0.3297872340425532 0.0458984375 0.053698074974670724
0 0.240234375 0.44934143870314086 0.0546875 0.059777102330293826
0 0.30517578125 0.4569402228976697 0.0517578125 0.056737588652482275
0 0.1298828125 0.12715298885511653 0.0625 0.06788247213779129
0 0.1943359375 0.13677811550151978 0.0625 0.07092198581560284
0 0.26220703125 0.14488348530901723 0.0634765625 0.06686930091185411
0 0.32763671875 0.15602836879432624 0.0615234375 0.06889564336372847
0 0.05322265625 0.029888551165146913 0.0595703125 0.04154002026342452
