0 0.04296875 0.15495867768595042 0.076171875 0.0743801652892562
0 0.0380859375 0.23450413223140495 0.072265625 0.07231404958677687
0 0.0263671875 0.30836776859504134 0.05078125 0.07128099173553719
0 0.1669921875 0.1441115702479339 0.080078125 0.07747933884297521
0 0.16845703125 0.22417355371900827 0.0771484375 0.0743801652892562
0 0.16455078125 0.3052685950413223 0.0791015625 0.07747933884297521
0 0.2861328125 0.14359504132231404 0.076171875 0.08057851239669422
0 0.28564453125 0.22262396694214875 0.0771484375 0.07747933884297521
0 0.28369140625 0.30733471074380164 0.0791015625 0.08161157024793389
0 0.41357421875 0.14514462809917356 0.0791015625 0.07747933884297521
0 0.41552734375 0.22572314049586778 0.0791015625 0.07747933884297521
0 0.416015625 0.30733471074380164 0.078125 0.07954545454545454
0 0.51123046875 0.13068181818181818 0.0634765625 0.0609504132231405
0 0.5146484375 0.1890495867768595 0.064453125 0.06198347107438017
0 0.0361328125 0.7794421487603306 0.0703125 0.07747933884297521
0 0.03466796875 0.862603305785124 0.0673828125 0.08057851239669422
0 0.1240234375 0.815599173553719 0.09375 0.07954545454545454
0 0.0380859375 0.4230371900826446 0.07421875 0.08367768595041322
0 0.0380859375 0.506198347107438 0.07421875 0.08057851239669422
0 0.0419921875 0.5878099173553719 0.08203125 0.08264462809917356
0 0.0380859375 0.6601239669421488 0.07421875 0.06818181818181818
0 0.16943359375 0.42665289256198347 0.0849609375 0.07851239669421488
0 0.1630859375 0.5072314049586777 0.08203125 0.08264462809917356
0 0.1689453125 0.5867768595041323 0.076171875 0.08057851239669422
0 0.1640625 0.6652892561983471 0.072265625 0.07024793388429752
0 0.287109375 0.4256198347107438 0.083984375 0.08057851239669422
0 0.28662109375 0.506198347107438 0.0791015625 0.08057851239669422
0 0.43212890625 0.4328512396694215 0.0751953125 0.07851239669421488
