0 0.43310546875 0.23243801652892562 0.0673828125 0.06818181818181818
0 0.5068359375 0.2308884297520661 0.0703125 0.07128099173553719
0 0.619140625 0.23450413223140495 0.0703125 0.07231404958677687
0 0.61572265625 0.3052685950413223 0.0634765625 0.07128099173553719
0 0.73046875 0.15495867768595042 0.076171875 0.0743801652892562
0 0.7255859375 0.23450413223140495 0.072265625 0.07231404958677687
0 0.7041015625 0.30836776859504134 0.0703125 0.07128099173553719
0 0.8544921875 0.1441115702479339 0.080078125 0.07747933884297521
0 0.85595703125 0.22417355371900827 0.0771484375 0.0743801652892562
0 0.85205078125 0.3052685950413223 0.0791015625 0.07747933884297521
0 0.9677734375 0.14359504132231404 0.064453125 0.08057851239669422
0 0.96728515625 0.22262396694214875 0.0654296875 0.07747933884297521
0 0.9658203125 0.30733471074380164 0.068359375 0.08161157024793389
0 0.43994140625 0.5800619834710744 0.0810546875 0.08574380165289257
0 0.4404296875 0.659607438016529 0.08203125 0.07747933884297521
0 0.533203125 0.5826446280991736 0.08203125 0.08057851239669422
0 0.53466796875 0.6585743801652892 0.0791015625 0.07747933884297521
0 0.27294921875 0.7768595041322315 0.0869140625 0.08884297520661158
0 0.28662109375 0.8584710743801653 0.0791015625 0.08677685950413223
0 0.3515625 0.7737603305785125 0.076171875 0.08884297520661158
0 0.35791015625 0.875 0.0693359375 0.0743801652892562
0 0.4072265625 0.8290289256198348 0.064453125 0.07128099173553719
0 0.484375 0.7763429752066116 0.0703125 0.07128099173553719
0 0.5244140625 0.8305785123966942 0.05859375 0.06198347107438017
0 0.48388671875 0.8744834710743802 0.0771484375 0.07541322314049587
0 0.623046875 0.7861570247933884 0.0859375 0.08264462809917356
0 0.62255859375 0.8667355371900827 0.0849609375 0.08264462809917356
0 0.720703125 0.7794421487603306 0.076171875 0.07747933884297521
0 0.716796875 0.862603305785124 0.078125 0.08057851239669422
0 0.8115234375 0.815599173553719 0.09375 0.07954545454545454
0 0.72314453125 0.4230371900826446 0.0791015625 0.08367768595041322
0 0.72265625 0.506198347107438 0.080078125 0.08057851239669422
0 0.72705078125 0.5878099173553719 0.0869140625 0.08264462809917356
0 0.7255859375 0.6601239669421488 0.07421875 0.06818181818181818
0 0.85693359375 0.42665289256198347 0.0849609375 0.07851239669421488
0 0.8505859375 0.5072314049586777 0.08203125 0.08264462809917356
0 0.8564453125 0.5867768595041323 0.076171875 0.08057851239669422
0 0.8515625 0.6652892561983471 0.072265625 0.07024793388429752
0 0.96630859375 0.4256198347107438 0.0673828125 0.08057851239669422
0 0.96728515625 0.506198347107438 0.0654296875 0.08057851239669422
