0 0.02587890625 0.69140625 0.0498046875 0.064453125
0 0.02490234375 0.75927734375 0.0478515625 0.0595703125
0 0.02734375 0.83251953125 0.052734375 0.0576171875
0 0.02734375 0.9033203125 0.052734375 0.064453125
0 0.123046875 0.70458984375 0.06640625 0.0615234375
0 0.1904296875 0.70703125 0.0625 0.064453125
0 0.1259765625 0.80419921875 0.07421875 0.0791015625
0 0.10888671875 0.89599609375 0.0732421875 0.0673828125
0 0.189453125 0.89599609375 0.076171875 0.0732421875
0 0.1552734375 0.4521484375 0.07421875 0.0703125
0 0.2314453125 0.4775390625 0.07421875 0.0703125
0 0.32666015625 0.470703125 0.0771484375 0.078125
0 0.40380859375 0.4716796875 0.0791015625 0.076171875
0 0.28076171875 0.3212890625 0.0732421875 0.0625
0 0.39990234375 0.35498046875 0.0693359375 0.0595703125
0 0.49755859375 0.28955078125 0.0732421875 0.0673828125
0 0.568359375 0.3154296875 0.0546875 0.060546875
0 0.54736328125 0.36181640625 0.0615234375 0.0556640625
0 0.62255859375 0.357421875 0.0693359375 0.064453125
0 0.33544921875 0.68359375 0.0751953125 0.076171875
0 0.2841796875 0.79296875 0.06640625 0.056640625
0 0.2802734375 0.84423828125 0.05859375 0.0576171875
0 0.2841796875 0.89599609375 0.06640625 0.0615234375
0 0.3603515625 0.7880859375 0.060546875 0.05859375
0 0.35888671875 0.8466796875 0.0634765625 0.052734375
0 0.35888671875 0.8935546875 0.0634765625 0.052734375
0 0.4501953125 0.7939453125 0.076171875 0.0703125
0 0.44970703125 0.8642578125 0.0751953125 0.064453125
0 0.5400390625 0.7939453125 0.064453125 0.05859375
0 0.5361328125 0.861328125 0.06640625 0.05859375
0 0.63427734375 0.8310546875 0.0771484375 0.07421875
0 0.734375 0.78515625 0.064453125 0.052734375
0 0.7314453125 0.8408203125 0.05859375 0.05859375
0 0.8056640625 0.77880859375 0.072265625 0.0556640625
0 0.8037109375 0.82958984375 0.0703125 0.0634765625
0 0.8837890625 0.81201171875 0.064453125 0.0595703125
0 0.943359375 0.77880859375 0.06640625 0.0615234375
0 0.3515625 0.26123046875 0.06640625 0.0634765625
