0 0.8611971104231165 0.6440903054448871 0.044375644994840036 0.06108897742363877
0 0.8343653250773994 0.5571049136786188 0.04643962848297213 0.0650730411686587
0 0.8142414860681114 0.6195219123505976 0.04334365325077399 0.062416998671978745
0 0.7471620227038183 0.4833997343957503 0.04334365325077399 0.06108897742363877
0 0.7296181630546955 0.5438247011952191 0.04334365325077399 0.062416998671978745
0 0.6924664602683178 0.47476759628154047 0.04334365325077399 0.0650730411686587
0 0.6656346749226005 0.5272244355909694 0.0392156862745098 0.055776892430278883
0 0.5572755417956656 0.3539176626826029 0.03715170278637771 0.05179282868525896
0 0.542827657378741 0.4037184594953519 0.03715170278637771 0.05046480743691899
0 0.5201238390092879 0.3346613545816733 0.03715170278637771 0.05312084993359893
0 0.5046439628482972 0.3844621513944223 0.0392156862745098 0.049136786188579015
0 0.4876160990712074 0.43559096945551123 0.038183694530443756 0.05312084993359893
0 0.2729618163054695 0.18193891102257634 0.025799793601651185 0.034528552456839307
0 0.2631578947368421 0.20982735723771578 0.024767801857585137 0.034528552456839307
