0 0.27647657841140527 0.3074018126888218 0.06008146639511201 0.0891238670694864
0 0.33604887983706716 0.3240181268882175 0.05906313645621181 0.09214501510574018
0 0.39358452138492867 0.3323262839879154 0.049898167006109974 0.07854984894259819
0 0.2830957230142566 0.3919939577039275 0.05091649694501018 0.0770392749244713
0 0.3370672097759674 0.4108761329305136 0.05091649694501018 0.0755287009063444
0 0.390020366598778 0.4093655589123867 0.05091649694501018 0.0755287009063444
0 0.4658859470468431 0.46827794561933533 0.04378818737270875 0.06646525679758308
0 0.42107942973523416 0.5 0.04175152749490835 0.06646525679758308
0 0.46028513238289204 0.5347432024169184 0.04073319755600814 0.06646525679758308
0 0.7240325865580447 0.4773413897280967 0.052953156822810585 0.08157099697885196
0 0.780040733197556 0.46827794561933533 0.052953156822810585 0.07250755287009064
0 0.8375763747454175 0.46827794561933533 0.056008146639511196 0.08157099697885196
0 0.7922606924643584 0.5453172205438066 0.05091649694501018 0.07250755287009064
0 0.7235234215885946 0.5740181268882175 0.05193482688391038 0.0755287009063444
