0 0.4033203125 0.39683734939759036 0.05859375 0.10090361445783133
0 0.45556640625 0.43448795180722893 0.0478515625 0.07981927710843374
0 0.50927734375 0.46837349397590367 0.0478515625 0.0783132530120482
0 0.5810546875 0.5045180722891567 0.048828125 0.08132530120481928
0 0.6064453125 0.39457831325301207 0.05078125 0.08433734939759037
0 0.689453125 0.44503012048192775 0.048828125 0.07680722891566265
0 0.69775390625 0.5082831325301205 0.0361328125 0.058734939759036146
0 0.66357421875 0.552710843373494 0.0498046875 0.07530120481927711
0 0.67724609375 0.7146084337349398 0.0439453125 0.06777108433734941
0 0.5966796875 0.792921686746988 0.03125 0.05271084337349398
0 0.5556640625 0.6174698795180723 0.052734375 0.0783132530120482
0 0.52880859375 0.730421686746988 0.0478515625 0.0783132530120482
0 0.48193359375 0.579066265060241 0.0478515625 0.07680722891566265
0 0.455078125 0.6875 0.048828125 0.07981927710843374
0 0.412109375 0.5195783132530121 0.0625 0.09939759036144578
0 0.392578125 0.6114457831325302 0.05078125 0.08433734939759037
0 0.37548828125 0.6927710843373495 0.0498046875 0.08132530120481928
0 0.35546875 0.49397590361445787 0.048828125 0.08132530120481928
0 0.33837890625 0.5670180722891567 0.0478515625 0.07379518072289157
