0 0.23583984375 0.08800000000000001 0.0380859375 0.054400000000000004
0 0.28857421875 0.0912 0.0419921875 0.0608
0 0.37939453125 0.0936 0.0283203125 0.046400000000000004
0 0.47705078125 0.1 0.0322265625 0.049600000000000005
0 0.53564453125 0.1056 0.0341796875 0.054400000000000004
0 0.5947265625 0.1336 0.03515625 0.0528
0 0.40478515625 0.14400000000000002 0.0244140625 0.038400000000000004
0 0.24658203125 0.1784 0.0380859375 0.062400000000000004
0 0.28955078125 0.1968 0.0400390625 0.048
0 0.37890625 0.196 0.029296875 0.046400000000000004
0 0.4775390625 0.18560000000000001 0.029296875 0.0448
0 0.53564453125 0.18960000000000002 0.0341796875 0.0528
0 0.12109375 0.388 0.03515625 0.0592
0 0.17529296875 0.3512 0.0322265625 0.0528
0 0.2197265625 0.3904 0.03515625 0.054400000000000004
0 0.302734375 0.388 0.03515625 0.0528
0 0.3544921875 0.3856 0.033203125 0.0512
0 0.41064453125 0.3856 0.0322265625 0.0512
0 0.4619140625 0.3864 0.033203125 0.049600000000000005
0 0.52197265625 0.3904 0.0322265625 0.0512
0 0.1083984375 0.4824 0.03125 0.049600000000000005
0 0.16162109375 0.47440000000000004 0.0283203125 0.04
0 0.0771484375 0.524 0.033203125 0.046400000000000004
0 0.16162109375 0.5264 0.0263671875 0.041600000000000005
0 0.21435546875 0.5064000000000001 0.0458984375 0.0688
0 0.30419921875 0.45680000000000004 0.0341796875 0.0528
0 0.3515625 0.46 0.033203125 0.056
0 0.43701171875 0.4592 0.0302734375 0.0512
0 0.48681640625 0.4632 0.0302734375 0.049600000000000005
0 0.57470703125 0.42160000000000003 0.0322265625 0.0592
0 0.60986328125 0.47040000000000004 0.0341796875 0.054400000000000004
0 0.537109375 0.5 0.033203125 0.0528
0 0.3046875 0.5392 0.03125 0.0512
0 0.3525390625 0.5384 0.033203125 0.0528
0 0.41552734375 0.5328 0.0322265625 0.041600000000000005
0 0.4716796875 0.5376000000000001 0.041015625 0.0512
0 0.02978515625 0.64 0.0263671875 0.041600000000000005
0 0.06787109375 0.6384000000000001 0.0244140625 0.041600000000000005
0 0.11376953125 0.6128 0.0244140625 0.041600000000000005
0 0.1611328125 0.6048 0.02734375 0.041600000000000005
0 0.20166015625 0.6048 0.0244140625 0.0352
0 0.22998046875 0.6056 0.0224609375 0.0368
0 0.16064453125 0.6568 0.0263671875 0.0432
0 0.20263671875 0.6536000000000001 0.0244140625 0.0368
0 0.23046875 0.6544 0.0234375 0.038400000000000004
0 0.02392578125 0.7528 0.0244140625 0.04
0 0.0576171875 0.7552 0.025390625 0.0448
0 0.0927734375 0.7536 0.025390625 0.041600000000000005
0 0.1494140625 0.76 0.037109375 0.057600000000000005
0 0.19580078125 0.7568 0.0361328125 0.0608
