0 0.0322265625 0.07446808510638299 0.064453125 0.06788247213779129
0 0.09912109375 0.08510638297872342 0.0615234375 0.07092198581560284
0 0.01904296875 0.21580547112462006 0.0361328125 0.04863221884498481
0 0.060546875 0.22289766970618036 0.044921875 0.04863221884498481
0 0.107421875 0.22998986828774065 0.048828125 0.04660587639311044
0 0.01708984375 0.26545086119554206 0.0322265625 0.0547112462006079
0 0.05615234375 0.27355623100303955 0.0478515625 0.05268490374873354
0 0.10400390625 0.27963525835866265 0.0478515625 0.05268490374873354
0 0.05322265625 0.32218844984802436 0.0458984375 0.05268490374873354
0 0.09912109375 0.3297872340425532 0.0458984375 0.053698074974670724
0 0.07080078125 0.4569402228976697 0.0517578125 0.056737588652482275
0 0.0302734375 0.14488348530901723 0.05859375 0.06686930091185411
0 0.09326171875 0.15602836879432624 0.0615234375 0.06889564336372847
