0 0.46435546875 0.5314164004259851 0.0537109375 0.06176783812566561
0 0.49853515625 0.5804046858359958 0.0537109375 0.05324813631522897
0 0.41796875 0.5633652822151225 0.05859375 0.06176783812566561
0 0.44482421875 0.6144834930777423 0.0537109375 0.05750798722044729
0 0.3427734375 0.6043663471778489 0.044921875 0.047923322683706075
0 0.3720703125 0.6549520766773164 0.044921875 0.04898828541001066
0 0.3017578125 0.6320553780617679 0.044921875 0.04579339723109692
0 0.3310546875 0.6842385516506923 0.041015625 0.047923322683706075
0 0.2607421875 0.6608093716719915 0.041015625 0.043663471778487756
0 0.2890625 0.7113951011714591 0.04296875 0.046858359957401494
0 0.171875 0.5351437699680511 0.0390625 0.03727369542066028
0 0.1494140625 0.4978700745473909 0.029296875 0.03727369542066028
