2 0.67724609375 0.3418491484184915 0.0615234375 0.0827250608272506
2 0.6455078125 0.4324817518248175 0.06640625 0.08394160583941607
2 0.61669921875 0.5279805352798054 0.0654296875 0.08515815085158152
2 0.75244140625 0.3813868613138686 0.0634765625 0.08394160583941607
2 0.72412109375 0.4720194647201947 0.0615234375 0.0827250608272506
2 0.68994140625 0.568734793187348 0.0673828125 0.08150851581508516
2 0.82666015625 0.41849148418491483 0.0654296875 0.09002433090024331
2 0.796875 0.51338199513382 0.05859375 0.0827250608272506
2 0.7666015625 0.6052311435523114 0.068359375 0.09124087591240876
2 0.91259765625 0.5790754257907543 0.0615234375 0.07785888077858881
2 0.892578125 0.6423357664233577 0.06640625 0.09245742092457421
2 0.87158203125 0.703771289537713 0.0615234375 0.09124087591240876
2 0.8515625 0.767639902676399 0.06640625 0.09002433090024331
