0 0.06005859375 0.16040688575899845 0.0771484375 0.10485133020344288
0 0.08203125 0.4616588419405321 0.091796875 0.14397496087636932
0 0.17529296875 0.47965571205007823 0.0478515625 0.0892018779342723
0 0.2705078125 0.47887323943661975 0.087890625 0.15023474178403756
0 0.361328125 0.43270735524256654 0.064453125 0.07981220657276995
0 0.4130859375 0.2949921752738654 0.0859375 0.12363067292644758
0 0.5263671875 0.19092331768388107 0.0859375 0.16275430359937404
0 0.6181640625 0.20344287949921752 0.052734375 0.11267605633802817
0 0.68994140625 0.2112676056338028 0.0517578125 0.09389671361502347
0 0.78271484375 0.22300469483568075 0.0712890625 0.15492957746478875
0 0.86328125 0.21439749608763695 0.05078125 0.10641627543035995
0 0.93603515625 0.22535211267605634 0.0517578125 0.1189358372456964
0 0.0703125 0.8458528951486698 0.078125 0.13928012519561817
0 0.158203125 0.8231611893583725 0.078125 0.14710485133020346
0 0.2587890625 0.8325508607198748 0.076171875 0.13458528951486698
0 0.35302734375 0.9123630672926448 0.0537109375 0.06259780907668232
0 0.677734375 0.5438184663536776 0.052734375 0.09233176838810642
0 0.74072265625 0.5508607198748043 0.0478515625 0.09389671361502347
0 0.8046875 0.55320813771518 0.04296875 0.09233176838810642
0 0.865234375 0.5563380281690141 0.046875 0.08294209702660407
0 0.6708984375 0.8591549295774648 0.044921875 0.07198748043818466
0 0.794921875 0.8677621283255086 0.05078125 0.06729264475743349
