0 0.49999999999999994 0.18312387791741472 0.06281156530408773 0.118491921005386
0 0.5822532402791625 0.2459605026929982 0.06580259222333 0.12208258527827648
0 0.6590229312063808 0.34560143626570916 0.06779661016949153 0.1310592459605027
0 0.7367896311066799 0.440754039497307 0.06979062811565304 0.14183123877917414
0 0.8300099700897308 0.4991023339317774 0.07676969092721835 0.13644524236983843
0 0.22931206380857425 0.5888689407540395 0.07577268195413758 0.0933572710951526
0 0.16849451645064803 0.7378815080789947 0.08574277168494515 0.118491921005386
0 0.09920239282153538 0.8806104129263914 0.08275174476570288 0.12387791741472173
1 0.5019940179461615 0.7486535008976661 0.02891326021934197 0.05026929982046679
1 0.5014955134596211 0.8096947935368043 0.02991026919242273 0.05026929982046679
