9 0.3544921875 0.4929178470254958 0.052734375 0.053824362606232294
9 0.34716796875 0.7521246458923513 0.0361328125 0.0736543909348442
9 0.50830078125 0.29107648725212465 0.0361328125 0.07223796033994334
9 0.64013671875 0.2181303116147309 0.0498046875 0.053824362606232294
9 0.6748046875 0.12960339943342777 0.041015625 0.05524079320113315
9 0.6552734375 0.17492917847025496 0.056640625 0.06373937677053824
9 0.6875 0.0821529745042493 0.0390625 0.0453257790368272
9 0.62548828125 0.25354107648725216 0.0380859375 0.039660056657223795
9 0.46240234375 0.40722379603399433 0.0302734375 0.06657223796033995
9 0.435546875 0.4879603399433428 0.029296875 0.06373937677053824
9 0.28955078125 0.9135977337110482 0.0302734375 0.0509915014164306
9 0.296875 0.6069405099150142 0.048828125 0.05240793201133145
