7 0.07861328125 0.4380610412926392 0.0869140625 0.2585278276481149
7 0.17822265625 0.4156193895870736 0.0537109375 0.296229802513465
7 0.25244140625 0.40664272890484743 0.0458984375 0.31059245960502696
7 0.328125 0.40843806104129265 0.046875 0.296229802513465
7 0.400390625 0.37163375224416517 0.0546875 0.236983842010772
7 0.47900390625 0.39138240574506283 0.0634765625 0.2836624775583483
7 0.5576171875 0.3761220825852783 0.0703125 0.2746858168761221
7 0.658203125 0.4263913824057451 0.08984375 0.2459605026929982
7 0.74169921875 0.4982046678635548 0.1240234375 0.2244165170556553
7 0.81201171875 0.5915619389587073 0.1318359375 0.13824057450628366
7 0.8427734375 0.7378815080789947 0.12890625 0.08976660682226212
7 0.8525390625 0.8806104129263914 0.10546875 0.07719928186714542
