9 0.591796875 0.8512747875354109 0.048828125 0.056657223796033995
9 0.7705078125 0.5077903682719547 0.052734375 0.05240793201133145
9 0.85546875 0.3590651558073655 0.0234375 0.07507082152974505
9 0.88330078125 0.3286118980169972 0.0263671875 0.0736543909348442
9 0.91455078125 0.28895184135977336 0.0263671875 0.0821529745042493
9 0.89013671875 0.11968838526912182 0.0419921875 0.07790368271954674
9 0.83447265625 0.21458923512747877 0.0537109375 0.03824362606232295
9 0.66162109375 0.45467422096317284 0.0595703125 0.0368271954674221
9 0.6044921875 0.5318696883852692 0.056640625 0.03824362606232295
9 0.5732421875 0.56657223796034 0.05078125 0.0368271954674221
9 0.63037109375 0.1813031161473088 0.0380859375 0.0708215297450425
9 0.60888671875 0.2046742209631728 0.0400390625 0.06657223796033995
9 0.5615234375 0.24787535410764874 0.041015625 0.0708215297450425
9 0.54345703125 0.2719546742209632 0.0341796875 0.06515580736543909
9 0.52099609375 0.2924929178470255 0.0400390625 0.06940509915014165
9 0.5009765625 0.31586402266288954 0.041015625 0.0736543909348442
9 0.48046875 0.34490084985835695 0.0390625 0.06373937677053824
9 0.45751953125 0.44405099150141647 0.0439453125 0.060906515580736544
9 0.4638671875 0.47733711048158645 0.041015625 0.053824362606232294
9 0.48486328125 0.5070821529745043 0.0419921875 0.056657223796033995
9 0.50732421875 0.5509915014164306 0.0263671875 0.0764872521246459
9 0.53759765625 0.5396600566572238 0.0224609375 0.0623229461756374
9 0.5595703125 0.5021246458923513 0.025390625 0.07790368271954674
9 0.46142578125 0.5906515580736544 0.0458984375 0.0623229461756374
9 0.44091796875 0.5488668555240793 0.0419921875 0.05524079320113315
9 0.41943359375 0.528328611898017 0.0498046875 0.0679886685552408
9 0.40087890625 0.4985835694050992 0.0478515625 0.06515580736543909
9 0.384765625 0.4674220963172805 0.0546875 0.0623229461756374
9 0.37109375 0.43059490084985835 0.05078125 0.053824362606232294
9 0.36083984375 0.3895184135977337 0.0458984375 0.053824362606232294
9 0.3525390625 0.34490084985835695 0.04296875 0.04107648725212465
9 0.3408203125 0.3052407932011332 0.052734375 0.046742209631728045
9 0.3212890625 0.49787535410764877 0.056640625 0.046742209631728045
9 0.3115234375 0.561614730878187 0.041015625 0.05240793201133145
9 0.36669921875 0.6175637393767706 0.0634765625 0.0764872521246459
9 0.4013671875 0.32223796033994334 0.041015625 0.06657223796033995
9 0.42626953125 0.2953257790368272 0.0400390625 0.06657223796033995
9 0.470703125 0.25354107648725216 0.03515625 0.0623229461756374
9 0.490234375 0.23158640226628896 0.03515625 0.060906515580736544
9 0.5087890625 0.20538243626062325 0.0390625 0.0764872521246459
9 0.5322265625 0.18838526912181305 0.0390625 0.0679886685552408
9 0.55322265625 0.1614730878186969 0.0400390625 0.0764872521246459
9 0.50390625 0.10764872521246459 0.041015625 0.0736543909348442
9 0.458984375 0.16076487252124647 0.033203125 0.060906515580736544
9 0.4345703125 0.17988668555240794 0.03515625 0.0623229461756374
9 0.38916015625 0.22025495750708216 0.0380859375 0.06940509915014165
9 0.3642578125 0.24079320113314448 0.041015625 0.0764872521246459
9 0.0859375 0.5920679886685553 0.02734375 0.0878186968838527
9 0.1611328125 0.6196883852691218 0.029296875 0.060906515580736544
9 0.427734375 0.6805949008498584 0.048828125 0.06940509915014165
9 0.4873046875 0.6458923512747876 0.05078125 0.0311614730878187
9 0.53759765625 0.6451841359773371 0.0478515625 0.029745042492917848
9 0.56298828125 0.6083569405099151 0.0458984375 0.029745042492917848
9 0.4541015625 0.9638810198300284 0.04296875 0.06373937677053824
9 0.5869140625 0.47592067988668557 0.025390625 0.056657223796033995
9 0.61865234375 0.4412181303116148 0.0244140625 0.060906515580736544
9 0.6357421875 0.4964589235127479 0.052734375 0.03541076487252125
9 0.67236328125 0.3548158640226629 0.0244140625 0.06373937677053824
9 0.68896484375 0.4178470254957507 0.0537109375 0.0311614730878187
9 0.5234375 0.08144475920679888 0.0390625 0.05524079320113315
9 0.55078125 0.0679886685552408 0.033203125 0.056657223796033995
9 0.5771484375 0.13526912181303116 0.03515625 0.05807365439093485
9 0.85986328125 0.17705382436260625 0.0498046875 0.039660056657223795
9 0.7998046875 0.2528328611898017 0.0546875 0.03541076487252125
9 0.7421875 0.9065155807365439 0.04296875 0.0764872521246459
9 0.435546875 0.3888101983002833 0.044921875 0.060906515580736544
9 0.4599609375 0.36756373937677056 0.037109375 0.05524079320113315
