1 0.0703125 0.06914893617021277 0.04296875 0.05673758865248227
1 0.232421875 0.19592198581560283 0.0390625 0.054964539007092195
1 0.16455078125 0.36347517730496454 0.0615234375 0.07801418439716312
1 0.232421875 0.5558510638297872 0.0625 0.06560283687943262
1 0.5166015625 0.1702127659574468 0.048828125 0.05319148936170213
1 0.40185546875 0.5611702127659575 0.0517578125 0.054964539007092195
1 0.56982421875 0.7047872340425532 0.0712890625 0.06205673758865248
1 0.64208984375 0.10815602836879433 0.0517578125 0.04609929078014184
1 0.76025390625 0.2632978723404255 0.0634765625 0.051418439716312055
1 0.93505859375 0.1799645390070922 0.0869140625 0.047872340425531915
1 0.30859375 0.9521276595744681 0.0703125 0.07092198581560283
