2 0.474609375 0.16218236173393125 0.037109375 0.055306427503736925
2 0.53125 0.16218236173393125 0.037109375 0.055306427503736925
2 0.57373046875 0.16218236173393125 0.0380859375 0.055306427503736925
2 0.6298828125 0.16218236173393125 0.037109375 0.055306427503736925
2 0.685546875 0.16292974588938716 0.037109375 0.053811659192825115
2 0.7294921875 0.16143497757847533 0.0390625 0.05680119581464873
2 0.3935546875 0.21973094170403587 0.0390625 0.05680119581464873
2 0.4521484375 0.21973094170403587 0.0390625 0.05680119581464873
2 0.49658203125 0.21973094170403587 0.0361328125 0.05680119581464873
2 0.55224609375 0.21973094170403587 0.0361328125 0.05680119581464873
2 0.60888671875 0.2212257100149477 0.0361328125 0.053811659192825115
2 0.650390625 0.21973094170403587 0.037109375 0.053811659192825115
2 0.7080078125 0.22047832585949179 0.037109375 0.052316890881913304
2 0.36083984375 0.26382660687593423 0.0400390625 0.05829596412556054
2 0.36083984375 0.33333333333333337 0.0400390625 0.05979073243647235
1 0.5546875 0.6935724962630793 0.111328125 0.029895366218236175
1 0.91796875 0.7645739910313901 0.068359375 0.10014947683109118
