0 0.02685546875 0.3364705882352941 0.0517578125 0.15058823529411763
0 0.09326171875 0.3388235294117647 0.0556640625 0.14588235294117646
0 0.158203125 0.32705882352941174 0.060546875 0.14588235294117646
0 0.2265625 0.30941176470588233 0.060546875 0.14352941176470588
0 0.29345703125 0.2941176470588235 0.0517578125 0.14588235294117646
0 0.3505859375 0.2717647058823529 0.052734375 0.12941176470588234
0 0.48193359375 0.2823529411764706 0.0498046875 0.15058823529411763
0 0.5390625 0.26235294117647057 0.05078125 0.14823529411764705
0 0.5986328125 0.2541176470588235 0.05078125 0.14588235294117646
0 0.662109375 0.26235294117647057 0.0546875 0.14823529411764705
0 0.71875 0.24823529411764703 0.052734375 0.14823529411764705
0 0.775390625 0.2352941176470588 0.0546875 0.14588235294117646
0 0.8359375 0.22588235294117645 0.052734375 0.14588235294117646
0 0.900390625 0.22588235294117645 0.048828125 0.1411764705882353
0 0.14208984375 0.7058823529411764 0.0673828125 0.16941176470588235
0 0.21435546875 0.7058823529411764 0.0458984375 0.15058823529411763
0 0.45068359375 0.656470588235294 0.0595703125 0.12705882352941175
0 0.58984375 0.608235294117647 0.06640625 0.16705882352941176
0 0.7314453125 0.6247058823529411 0.05078125 0.14352941176470588
0 0.79736328125 0.6 0.0654296875 0.16470588235294117
0 0.86572265625 0.6035294117647059 0.0556640625 0.14823529411764705
0 0.93310546875 0.5741176470588235 0.0498046875 0.1552941176470588
0 0.64501953125 0.8529411764705882 0.0810546875 0.1341176470588235
