9 0.9345703125 0.7271448663853727 0.03125 0.05907172995780591
9 0.8828125 0.5822784810126582 0.037109375 0.06751054852320676
9 0.81982421875 0.43248945147679324 0.0341796875 0.06610407876230662
9 0.19384765625 0.2559774964838256 0.0458984375 0.05907172995780591
9 0.05810546875 0.8741209563994374 0.0478515625 0.06891701828410689
9 0.30712890625 0.12658227848101267 0.0419921875 0.053445850914205346
9 0.7294921875 0.20042194092827004 0.037109375 0.052039381153305204
9 0.76416015625 0.2918424753867792 0.0361328125 0.05485232067510549
9 0.79296875 0.360056258790436 0.03515625 0.06188466947960619
9 0.9130859375 0.6617440225035162 0.0390625 0.06047819971870605
