9 0.07666015625 0.17185289957567185 0.0517578125 0.03818953323903819
9 0.41455078125 0.5601131541725601 0.0263671875 0.0876944837340877
9 0.2861328125 0.847949080622348 0.05859375 0.03536067892503536
9 0.36181640625 0.8422913719943423 0.0498046875 0.03536067892503536
9 0.62646484375 0.8401697312588402 0.0458984375 0.036775106082036775
9 0.689453125 0.8380480905233381 0.0546875 0.03818953323903819
9 0.73681640625 0.7213578500707214 0.0458984375 0.033946251768033946
9 0.892578125 0.7065063649222065 0.048828125 0.03536067892503536
9 0.94970703125 0.7022630834512023 0.0517578125 0.03253182461103253
9 0.67529296875 0.7291371994342292 0.0517578125 0.03253182461103253
9 0.21435546875 0.8500707213578501 0.0537109375 0.033946251768033946
