9 0.02490234375 0.17185289957567185 0.0478515625 0.03818953323903819
9 0.36083984375 0.5601131541725601 0.0263671875 0.0876944837340877
9 0.232421875 0.847949080622348 0.05859375 0.03536067892503536
9 0.30810546875 0.8422913719943423 0.0498046875 0.03536067892503536
9 0.57275390625 0.8401697312588402 0.0458984375 0.036775106082036775
9 0.6357421875 0.8380480905233381 0.0546875 0.03818953323903819
9 0.68310546875 0.7213578500707214 0.0458984375 0.033946251768033946
9 0.8388671875 0.7065063649222065 0.048828125 0.03536067892503536
9 0.89599609375 0.7022630834512023 0.0517578125 0.03253182461103253
9 0.62158203125 0.7291371994342292 0.0517578125 0.03253182461103253
9 0.16064453125 0.8500707213578501 0.0537109375 0.033946251768033946
