0 0.30322265625 0.09443631039531479 0.1025390625 0.1390922401171303
0 0.19970703125 0.18374816983894582 0.0888671875 0.13323572474377746
0 0.115234375 0.32210834553440704 0.087890625 0.1376281112737921
0 0.13671875 0.5915080527086384 0.064453125 0.11127379209370425
0 0.23388671875 0.5629575402635432 0.0908203125 0.13616398243045388
0 0.34033203125 0.5102489019033675 0.0966796875 0.14202049780380674
0 0.44677734375 0.4685212298682284 0.0908203125 0.1493411420204978
0 0.55517578125 0.445095168374817 0.0908203125 0.1493411420204978
0 0.67822265625 0.43045387994143486 0.1005859375 0.1493411420204978
0 0.1484375 0.8704245973645681 0.076171875 0.13030746705710103
0 0.3271484375 0.8235724743777453 0.064453125 0.11859443631039532
0 0.439453125 0.8579795021961933 0.091796875 0.1581259150805271
0 0.5625 0.8535871156661786 0.107421875 0.17276720351390923
0 0.6875 0.807467057101025 0.095703125 0.1800878477306003
0 0.79931640625 0.7693997071742313 0.0869140625 0.1390922401171303
0 0.9111328125 0.7408491947291362 0.08203125 0.14641288433382138
