1 0.0947265625 0.14106844741235391 0.044921875 0.06176961602671119
1 0.158203125 0.5075125208681135 0.046875 0.18030050083472454
1 0.2568359375 0.2312186978297162 0.03515625 0.07846410684474124
1 0.39306640625 0.07762938230383974 0.0380859375 0.07846410684474124
1 0.41552734375 0.24791318864774625 0.0322265625 0.05509181969949917
1 0.65869140625 0.08848080133555927 0.0244140625 0.07345575959933222
1 0.580078125 0.3797996661101837 0.041015625 0.12186978297161936
1 0.6513671875 0.27796327212020033 0.033203125 0.10517529215358933
1 0.68408203125 0.7629382303839733 0.0908203125 0.11352253756260434
1 0.78271484375 0.0651085141903172 0.0224609375 0.07011686143572621
1 0.86083984375 0.337228714524207 0.0322265625 0.11018363939899833
1 0.81787109375 0.7562604340567612 0.0556640625 0.17362270450751252
1 0.40625 0.9048414023372288 0.044921875 0.15358931552587646
