1 0.8404689092762488 0.4011627906976744 0.09683995922528034 0.05555555555555556
1 0.3527013251783894 0.5239018087855297 0.028542303771661573 0.09431524547803619
2 0.17227319062181448 0.2674418604651163 0.040774719673802244 0.0516795865633075
2 0.16819571865443425 0.31007751937984496 0.030581039755351685 0.03875968992248062
2 0.1671763506625892 0.35271317829457366 0.030581039755351685 0.03875968992248062
2 0.2140672782874618 0.3049095607235142 0.05096839959225281 0.06976744186046512
2 0.2650356778797146 0.3062015503875969 0.05300713557594292 0.06976744186046512
2 0.20998980632008157 0.3708010335917313 0.05300713557594292 0.06718346253229975
2 0.2614678899082569 0.3733850129198967 0.05606523955147809 0.06976744186046512
2 0.16004077471967382 0.4347545219638243 0.02650356778797146 0.037467700258397935
2 0.18399592252803262 0.43669250645994834 0.027522935779816515 0.043927648578811374
2 0.2069317023445464 0.43927648578811374 0.028542303771661573 0.041343669250646
2 0.2303771661569827 0.4405684754521964 0.02650356778797146 0.041343669250646
2 0.25382262996941896 0.44315245478036175 0.02650356778797146 0.041343669250646
2 0.27879714576962283 0.4437984496124031 0.027522935779816515 0.04521963824289406
