7 0.19287109375 0.5682624113475178 0.1435546875 0.18617021276595744
7 0.14501953125 0.6985815602836879 0.1513671875 0.18085106382978722
7 0.498046875 0.16932624113475178 0.08203125 0.13652482269503546
7 0.6083984375 0.1702127659574468 0.064453125 0.15602836879432624
7 0.7109375 0.1622340425531915 0.064453125 0.16134751773049644
7 0.79638671875 0.14450354609929078 0.0732421875 0.16134751773049644
7 0.87548828125 0.13120567375886524 0.0693359375 0.1524822695035461
7 0.93359375 0.11081560283687943 0.052734375 0.16843971631205673
7 0.84326171875 0.5780141843971631 0.0634765625 0.20567375886524822
7 0.95751953125 0.4734042553191489 0.0849609375 0.08865248226950355
