4 0.2099609375 0.8311475409836065 0.0703125 0.08852459016393442
4 0.23779296875 0.7778688524590164 0.0673828125 0.09016393442622951
4 0.2763671875 0.9229508196721311 0.072265625 0.10163934426229508
4 0.30712890625 0.8655737704918033 0.0693359375 0.09836065573770492
4 0.35107421875 0.07622950819672131 0.0537109375 0.060655737704918035
4 0.3740234375 0.047540983606557376 0.0546875 0.05573770491803279
5 0.388671875 0.7836065573770492 0.08203125 0.10819672131147541
5 0.4169921875 0.7262295081967213 0.080078125 0.11147540983606558
5 0.44580078125 0.6721311475409836 0.0791015625 0.10819672131147541
3 0.5458984375 0.14754098360655737 0.08984375 0.10819672131147541
