0 0.07177734375 0.13060278207109738 0.0947265625 0.13137557959814528
0 0.05615234375 0.4095826893353941 0.0908203125 0.1267387944358578
0 0.052734375 0.5455950540958269 0.091796875 0.1267387944358578
0 0.21923828125 0.10896445131375579 0.0673828125 0.12828438948995363
0 0.2255859375 0.2542503863987635 0.08203125 0.13446676970633695
0 0.22802734375 0.40030911901081917 0.0947265625 0.12982998454404945
0 0.21630859375 0.5471406491499227 0.0673828125 0.12982998454404945
0 0.2314453125 0.6970633693972179 0.091796875 0.1267387944358578
0 0.22802734375 0.8438948995363215 0.0927734375 0.1267387944358578
0 0.4560546875 0.6939721792890262 0.08203125 0.1329211746522411
0 0.4541015625 0.8508500772797527 0.08203125 0.12210200927357032
0 0.67578125 0.08578052550231839 0.064453125 0.13137557959814528
0 0.681640625 0.23338485316846985 0.078125 0.12982998454404945
0 0.6796875 0.5316846986089644 0.080078125 0.12982998454404945
0 0.6806640625 0.7024729520865534 0.080078125 0.13137557959814528
0 0.904296875 0.2364760432766615 0.08203125 0.1267387944358578
0 0.90478515625 0.38176197836166925 0.0849609375 0.1267387944358578
0 0.90185546875 0.5293663060278208 0.0869140625 0.13137557959814528
0 0.8984375 0.8446676970633694 0.083984375 0.14064914992272023
