9 0.3125 0.3569384835479256 0.03515625 0.06437768240343347
9 0.3623046875 0.22317596566523606 0.03515625 0.07153075822603719
9 0.24365234375 0.8297567954220315 0.0458984375 0.05436337625178827
9 0.7421875 0.8655221745350501 0.048828125 0.05722460658082976
9 0.796875 0.8969957081545065 0.05078125 0.045779685264663805
9 0.580078125 0.11301859799713877 0.046875 0.04005722460658083
9 0.56591796875 0.18669527896995708 0.0380859375 0.03862660944206009
9 0.5361328125 0.21030042918454936 0.04296875 0.04291845493562232
9 0.52294921875 0.2396280400572246 0.0380859375 0.03862660944206009
9 0.51416015625 0.2732474964234621 0.0419921875 0.045779685264663805
9 0.49658203125 0.3061516452074392 0.0478515625 0.05150214592274678
9 0.48486328125 0.34120171673819744 0.0400390625 0.047210300429184546
9 0.47265625 0.37839771101573677 0.041015625 0.047210300429184546
9 0.462890625 0.40987124463519314 0.0390625 0.047210300429184546
9 0.50830078125 0.4313304721030043 0.0478515625 0.05293276108726752
9 0.5 0.4678111587982833 0.041015625 0.045779685264663805
9 0.4423828125 0.47353361945636624 0.04296875 0.05150214592274678
9 0.4853515625 0.5028612303290415 0.044921875 0.05293276108726752
9 0.267578125 0.47138769670958514 0.0390625 0.06723891273247497
9 0.1474609375 0.7746781115879828 0.03125 0.06151645207439199
9 0.8330078125 0.7625178826895566 0.052734375 0.04864091559370529
