9 0.3466796875 0.3569384835479256 0.03515625 0.06437768240343347
9 0.396484375 0.22317596566523606 0.03515625 0.07153075822603719
9 0.27783203125 0.8297567954220315 0.0458984375 0.05436337625178827
9 0.7763671875 0.8655221745350501 0.048828125 0.05722460658082976
9 0.8310546875 0.8969957081545065 0.05078125 0.045779685264663805
9 0.6142578125 0.11301859799713877 0.046875 0.04005722460658083
9 0.60009765625 0.18669527896995708 0.0380859375 0.03862660944206009
9 0.5703125 0.21030042918454936 0.04296875 0.04291845493562232
9 0.55712890625 0.2396280400572246 0.0380859375 0.03862660944206009
9 0.54833984375 0.2732474964234621 0.0419921875 0.045779685264663805
9 0.53076171875 0.3061516452074392 0.0478515625 0.05150214592274678
9 0.51904296875 0.34120171673819744 0.0400390625 0.047210300429184546
9 0.5068359375 0.37839771101573677 0.041015625 0.047210300429184546
9 0.4970703125 0.40987124463519314 0.0390625 0.047210300429184546
9 0.54248046875 0.4313304721030043 0.0478515625 0.05293276108726752
9 0.5341796875 0.4678111587982833 0.041015625 0.045779685264663805
9 0.4765625 0.47353361945636624 0.04296875 0.05150214592274678
9 0.51953125 0.5028612303290415 0.044921875 0.05293276108726752
9 0.3017578125 0.47138769670958514 0.0390625 0.06723891273247497
9 0.181640625 0.7746781115879828 0.03125 0.06151645207439199
9 0.8671875 0.7625178826895566 0.052734375 0.04864091559370529
