1 0.06494140625 0.05670926517571885 0.0888671875 0.06549520766773162
1 0.0615234375 0.12859424920127796 0.060546875 0.05591054313099041
1 0.1494140625 0.0950479233226837 0.072265625 0.04952076677316294
1 0.2216796875 0.13178913738019168 0.076171875 0.05910543130990415
1 0.2861328125 0.26517571884984026 0.099609375 0.08306709265175719
1 0.40576171875 0.3738019169329073 0.0927734375 0.10223642172523961
1 0.52294921875 0.36501597444089456 0.0751953125 0.08466453674121405
1 0.64208984375 0.48482428115015974 0.1123046875 0.12619808306709265
1 0.77783203125 0.6437699680511182 0.1142578125 0.15335463258785942
1 0.74169921875 0.7731629392971245 0.0947265625 0.17252396166134185
