7 0.40968063872255484 0.11056105610561057 0.1746506986027944 0.15181518151815182
7 0.4156686626746507 0.18151815181518152 0.17065868263473052 0.1254125412541254
7 0.5898203592814371 0.10808580858085809 0.13173652694610777 0.12706270627062707
7 0.44960079840319356 0.29372937293729373 0.18862275449101795 0.15841584158415842
7 0.8617764471057884 0.09653465346534654 0.15668662674650696 0.11056105610561057
7 0.8572854291417165 0.23844884488448845 0.17564870259481036 0.12376237623762376
7 0.8388223552894211 0.3877887788778878 0.1746506986027944 0.12871287128712872
7 0.8243512974051895 0.5354785478547854 0.11776447105788422 0.11716171617161716
1 0.6017964071856287 0.3712871287128713 0.04590818363273453 0.1485148514851485
4 0.10978043912175647 0.6938943894389439 0.04590818363273453 0.08745874587458746
4 0.14520958083832333 0.6765676567656765 0.044910179640718556 0.07920792079207921
4 0.12175648702594809 0.8118811881188119 0.049900199600798396 0.09570957095709572
4 0.155688622754491 0.7904290429042904 0.04590818363273453 0.09900990099009901
4 0.19610778443113772 0.7706270627062707 0.044910179640718556 0.09570957095709572
4 0.22904191616766464 0.7541254125412541 0.044910179640718556 0.09240924092409242
