6 0.53857421875 0.4509981851179673 0.3681640625 0.2776769509981851
3 0.5341796875 0.11070780399274047 0.076171875 0.1161524500907441
3 0.7080078125 0.09074410163339383 0.095703125 0.13430127041742287
3 0.9501953125 0.5707803992740471 0.076171875 0.12885662431941924
3 0.259765625 0.39019963702359345 0.0625 0.10526315789473684
3 0.1611328125 0.7522686025408348 0.103515625 0.16878402903811252
4 0.75244140625 0.39019963702359345 0.0576171875 0.050816696914700546
4 0.7578125 0.43103448275862066 0.0546875 0.04900181488203267
4 0.765625 0.4727767695099818 0.056640625 0.05989110707803993
4 0.77392578125 0.5190562613430126 0.0576171875 0.0544464609800363
