2 0.1455078125 0.17694566813509544 0.052734375 0.06901615271659324
2 0.2109375 0.16299559471365638 0.056640625 0.07342143906020558
2 0.34326171875 0.25917767988252566 0.0517578125 0.07782672540381791
2 0.5224609375 0.24449339207048457 0.046875 0.06607929515418502
2 0.5224609375 0.2966226138032305 0.046875 0.06167400881057268
2 0.52392578125 0.355359765051395 0.0439453125 0.06461086637298091
2 0.49658203125 0.4353891336270191 0.0537109375 0.08370044052863436
2 0.4970703125 0.5102790014684288 0.052734375 0.08076358296622613
2 0.54345703125 0.43685756240822315 0.0537109375 0.08370044052863436
2 0.546875 0.5117474302496329 0.052734375 0.07488986784140969
2 0.59326171875 0.43685756240822315 0.0537109375 0.08076358296622613
2 0.59423828125 0.5117474302496329 0.0576171875 0.08370044052863436
2 0.6533203125 0.40748898678414097 0.037109375 0.04845814977973568
2 0.68603515625 0.408223201174743 0.0380859375 0.05286343612334801
2 0.67041015625 0.47209985315712183 0.0537109375 0.07195301027900146
2 0.8193359375 0.237151248164464 0.05859375 0.07488986784140969
