1 0.033203125 0.09836065573770492 0.064453125 0.03278688524590164
1 0.3125 0.09687034277198212 0.08984375 0.03576751117734724
1 0.41455078125 0.09985096870342772 0.0869140625 0.03576751117734724
1 0.18310546875 0.6982116244411326 0.0732421875 0.03129657228017884
1 0.43505859375 0.9038748137108793 0.0263671875 0.13561847988077497
1 0.70263671875 0.6661698956780924 0.0830078125 0.03576751117734724
1 0.85498046875 0.706408345752608 0.0634765625 0.09538002980625931
2 0.4150390625 0.23099850968703428 0.05078125 0.07749627421758569
2 0.41455078125 0.3144560357675112 0.0517578125 0.07451564828614009
2 0.412109375 0.3919523099850969 0.05078125 0.07451564828614009
2 0.55224609375 0.3166915052160954 0.0478515625 0.07302533532041729
2 0.5517578125 0.39344262295081966 0.046875 0.07451564828614009
2 0.6162109375 0.3830104321907601 0.052734375 0.07749627421758569
2 0.673828125 0.3837555886736215 0.05078125 0.07600596125186289
