9 0.140625 0.5501474926253688 0.046875 0.058997050147492625
9 0.13330078125 0.13495575221238937 0.0517578125 0.06932153392330384
9 0.216796875 0.2374631268436578 0.033203125 0.07374631268436578
9 0.23876953125 0.26253687315634217 0.0341796875 0.07374631268436578
9 0.4375 0.26253687315634217 0.05859375 0.07964601769911504
9 0.49853515625 0.5036873156342183 0.0322265625 0.0752212389380531
9 0.54833984375 0.5501474926253688 0.0341796875 0.07374631268436578
9 0.56884765625 0.5744837758112095 0.0302734375 0.0663716814159292
9 0.72314453125 0.6991150442477876 0.0302734375 0.06784660766961652
9 0.7626953125 0.7514749262536873 0.03515625 0.0752212389380531
9 0.90625 0.9107669616519174 0.029296875 0.06342182890855458
9 0.8837890625 0.20058997050147492 0.033203125 0.07374631268436578
9 0.93603515625 0.23303834808259588 0.0341796875 0.07079646017699115
9 0.9794921875 0.2794985250737463 0.033203125 0.0752212389380531
9 0.33251953125 0.34513274336283184 0.0283203125 0.061946902654867256
9 0.41650390625 0.4277286135693215 0.0263671875 0.05309734513274336
9 0.59814453125 0.5759587020648967 0.0283203125 0.05752212389380531
9 0.615234375 0.4247787610619469 0.04296875 0.058997050147492625
