6 0.17724609375 0.4808970099667774 0.3525390625 0.41029900332225916
4 0.42529296875 0.4958471760797342 0.0751953125 0.07807308970099668
4 0.4150390625 0.5473421926910299 0.068359375 0.07142857142857142
4 0.40576171875 0.5980066445182725 0.0693359375 0.07308970099667775
4 0.39453125 0.6503322259136213 0.072265625 0.07475083056478406
4 0.38232421875 0.7018272425249169 0.0732421875 0.07475083056478406
3 0.55029296875 0.07807308970099668 0.0966796875 0.1362126245847176
3 0.5380859375 0.8446843853820598 0.09375 0.1345514950166113
3 0.84521484375 0.1270764119601329 0.0791015625 0.09800664451827243
3 0.89794921875 0.8073089700996678 0.1201171875 0.17607973421926912
