4 0.16252955082742315 0.7845849802371541 0.09810874704491726 0.14229249011857706
4 0.21217494089834515 0.7391304347826086 0.09810874704491726 0.1541501976284585
4 0.2689125295508274 0.6768774703557312 0.10047281323877068 0.15217391304347824
4 0.3829787234042553 0.5434782608695652 0.09456264775413711 0.13833992094861658
4 0.42671394799054374 0.49901185770750983 0.09456264775413711 0.1284584980237154
4 0.4710401891252955 0.4496047430830039 0.09810874704491726 0.1284584980237154
4 0.5768321513002364 0.3567193675889328 0.09219858156028368 0.12055335968379446
4 0.6193853427895981 0.3181818181818182 0.09456264775413711 0.12648221343873517
4 0.6613475177304965 0.27470355731225293 0.0933806146572104 0.13833992094861658
4 0.6991725768321513 0.23616600790513834 0.09101654846335697 0.11660079051383399
4 0.7547281323877069 0.1758893280632411 0.08865248226950355 0.1067193675889328
4 0.7955082742316785 0.13438735177865613 0.08983451536643025 0.1067193675889328
