9 0.49462890625 0.8931623931623932 0.0322265625 0.05413105413105413
9 0.50927734375 0.8568376068376069 0.0400390625 0.06695156695156695
9 0.53857421875 0.8005698005698006 0.0498046875 0.07407407407407408
9 0.55712890625 0.7742165242165242 0.0400390625 0.06125356125356125
9 0.8125 0.47863247863247865 0.041015625 0.07122507122507123
9 0.57421875 0.5035612535612536 0.0390625 0.06125356125356125
9 0.49560546875 0.3789173789173789 0.0478515625 0.05698005698005698
9 0.51416015625 0.344017094017094 0.0439453125 0.05555555555555556
9 0.7333984375 0.2777777777777778 0.04296875 0.05413105413105413
9 0.78564453125 0.2207977207977208 0.0419921875 0.04843304843304844
9 0.84130859375 0.15954415954415954 0.0537109375 0.06267806267806268
9 0.345703125 0.660968660968661 0.041015625 0.05698005698005698
9 0.4755859375 0.41951566951566954 0.0390625 0.04700854700854701
