9 0.97998046875 0.14144271570014144 0.0361328125 0.07920792079207921
9 0.8828125 0.4101838755304102 0.05859375 0.05657708628005658
9 0.91748046875 0.4787835926449788 0.0537109375 0.055162659123055166
9 0.7783203125 0.47736916548797736 0.046875 0.04950495049504951
9 0.7841796875 0.5608203677510608 0.044921875 0.04950495049504951
9 0.73681640625 0.5905233380480905 0.0439453125 0.04667609618104668
9 0.6259765625 0.57001414427157 0.05078125 0.05374823196605375
9 0.62353515625 0.6626591230551627 0.0498046875 0.05233380480905234
9 0.568359375 0.6987270155586988 0.05078125 0.05374823196605375
9 0.30517578125 0.8698727015558699 0.0517578125 0.05091937765205092
9 0.306640625 0.7786421499292787 0.046875 0.05233380480905234
9 0.20947265625 0.7241867043847242 0.0380859375 0.07920792079207921
9 0.1708984375 0.5785007072135785 0.03125 0.07920792079207921
9 0.1572265625 0.3995756718528996 0.025390625 0.08345120226308346
9 0.09326171875 0.18033946251768035 0.0283203125 0.08345120226308346
9 0.0673828125 0.9222065063649222 0.0546875 0.03111739745403112
9 0.12548828125 0.8974540311173975 0.0439453125 0.03253182461103253
9 0.4140625 0.7050919377652051 0.048828125 0.03818953323903819
9 0.57763671875 0.6011315417256011 0.0458984375 0.033946251768033946
9 0.95556640625 0.36280056577086284 0.0498046875 0.04101838755304102
9 0.10498046875 0.4377652050919378 0.0244140625 0.06647807637906648
