2 0.1220703125 0.5830078125 0.06640625 0.05859375
2 0.1240234375 0.658203125 0.08203125 0.07421875
2 0.12646484375 0.76953125 0.0771484375 0.072265625
2 0.12646484375 0.85400390625 0.0810546875 0.0732421875
2 0.23193359375 0.71240234375 0.0771484375 0.0712890625
2 0.2294921875 0.78662109375 0.076171875 0.0732421875
2 0.23193359375 0.8642578125 0.0830078125 0.0703125
2 0.32861328125 0.70654296875 0.0771484375 0.0751953125
2 0.32861328125 0.78466796875 0.0810546875 0.0732421875
2 0.439453125 0.70751953125 0.08203125 0.0791015625
2 0.4423828125 0.7861328125 0.08203125 0.08203125
2 0.44189453125 0.88525390625 0.0849609375 0.0771484375
2 0.52880859375 0.703125 0.0791015625 0.076171875
2 0.52783203125 0.7841796875 0.0810546875 0.078125
2 0.6318359375 0.69384765625 0.072265625 0.0615234375
2 0.634765625 0.75927734375 0.068359375 0.0634765625
2 0.63623046875 0.837890625 0.0693359375 0.064453125
2 0.63623046875 0.904296875 0.0693359375 0.0625
2 0.70458984375 0.69140625 0.0673828125 0.064453125
2 0.7021484375 0.75927734375 0.068359375 0.0595703125
2 0.7080078125 0.83251953125 0.06640625 0.0576171875
2 0.70654296875 0.9033203125 0.0693359375 0.064453125
2 0.810546875 0.70458984375 0.06640625 0.0615234375
2 0.8779296875 0.70703125 0.0625 0.064453125
2 0.8134765625 0.80419921875 0.07421875 0.0791015625
2 0.79638671875 0.89599609375 0.0732421875 0.0673828125
2 0.876953125 0.89599609375 0.076171875 0.0732421875
2 0.8427734375 0.4521484375 0.07421875 0.0703125
2 0.9189453125 0.4775390625 0.07421875 0.0703125
2 0.9658203125 0.3212890625 0.068359375 0.0625
2 0.96923828125 0.79296875 0.0615234375 0.056640625
2 0.9677734375 0.84423828125 0.05859375 0.0576171875
2 0.96923828125 0.89599609375 0.0615234375 0.0615234375
1 0.48828125 0.34716796875 0.095703125 0.1083984375
1 0.76806640625 0.119140625 0.1103515625 0.125
