1 0.08056640625 0.6370967741935484 0.0498046875 0.09498207885304659
1 0.15576171875 0.22939068100358423 0.0458984375 0.11469534050179211
1 0.33447265625 0.07616487455197132 0.0556640625 0.06272401433691756
1 0.4482421875 0.3270609318996416 0.044921875 0.11648745519713262
1 0.4814453125 0.49014336917562723 0.07421875 0.0913978494623656
1 0.32666015625 0.764336917562724 0.0810546875 0.05555555555555555
1 0.607421875 0.13620071684587814 0.0546875 0.05734767025089606
1 0.68017578125 0.1935483870967742 0.0556640625 0.053763440860215055
1 0.71337890625 0.46863799283154123 0.0595703125 0.04838709677419355
1 0.65673828125 0.8216845878136201 0.0673828125 0.12007168458781362
1 0.79443359375 0.1550179211469534 0.0478515625 0.05913978494623656
1 0.85888671875 0.3055555555555556 0.0458984375 0.044802867383512544
1 0.92333984375 0.2616487455197133 0.0400390625 0.06810035842293907
