1 0.4954819277108433 0.3768011527377521 0.071285140562249 0.09654178674351585
1 0.8037148594377509 0.2759365994236311 0.06927710843373493 0.047550432276657055
1 0.1646586345381526 0.4257925072046109 0.07630522088353413 0.07060518731988472
1 0.05773092369477911 0.7788184438040345 0.06726907630522087 0.03314121037463977
2 0.25602409638554213 0.13472622478386168 0.056224899598393566 0.08213256484149856
2 0.30220883534136544 0.16570605187319884 0.056224899598393566 0.08069164265129683
2 0.13704819277108432 0.7240634005763689 0.035140562248995984 0.050432276657060515
2 0.17319277108433734 0.7247838616714697 0.03714859437751004 0.0547550432276657
2 0.20883534136546184 0.7233429394812679 0.03614457831325301 0.05187319884726224
2 0.2439759036144578 0.7247838616714697 0.03614457831325301 0.0547550432276657
2 0.1506024096385542 0.7860230547550432 0.040160642570281124 0.050432276657060515
2 0.18674698795180722 0.7838616714697406 0.038152610441767064 0.0547550432276657
2 0.22339357429718873 0.786743515850144 0.03714859437751004 0.0547550432276657
2 0.25903614457831325 0.786743515850144 0.038152610441767064 0.05187319884726224
2 0.20883534136546184 0.8443804034582132 0.038152610441767064 0.04899135446685879
2 0.25251004016064255 0.8494236311239193 0.04116465863453815 0.05907780979827089
2 0.20833333333333331 0.8962536023054755 0.03714859437751004 0.05763688760806916
2 0.25251004016064255 0.9041786743515849 0.03714859437751004 0.050432276657060515
2 0.0717871485943775 0.9546109510086455 0.03714859437751004 0.05619596541786743
