4 0.2563291139240506 0.2206896551724138 0.056962025316455694 0.11724137931034483
4 0.3048523206751055 0.20603448275862069 0.0590717299578059 0.11206896551724138
4 0.3533755274261603 0.18706896551724136 0.06118143459915611 0.11551724137931034
4 0.4345991561181434 0.2439655172413793 0.06329113924050632 0.11896551724137931
4 0.4831223628691983 0.225 0.0590717299578059 0.11551724137931034
4 0.5675105485232067 0.2853448275862069 0.06540084388185653 0.12241379310344827
4 0.6139240506329113 0.2681034482758621 0.06751054852320675 0.11896551724137931
4 0.2151898734177215 0.44051724137931036 0.06118143459915611 0.12931034482758622
4 0.26635021097046413 0.41982758620689653 0.06012658227848101 0.12586206896551724
4 0.3175105485232067 0.4025862068965517 0.0590717299578059 0.12586206896551724
4 0.40295358649789026 0.4663793103448276 0.06118143459915611 0.13275862068965516
4 0.4541139240506329 0.4482758620689655 0.06434599156118143 0.12758620689655173
4 0.5432489451476793 0.5112068965517241 0.06962025316455696 0.13275862068965516
4 0.5938818565400843 0.49137931034482757 0.06962025316455696 0.13448275862068965
4 0.6439873417721519 0.4698275862068965 0.07278481012658228 0.13275862068965516
4 0.5944092827004219 0.7620689655172413 0.07278481012658228 0.15172413793103448
4 0.6476793248945147 0.7387931034482759 0.07172995780590717 0.15
4 0.70042194092827 0.7163793103448276 0.07383966244725738 0.15
