7 0.21484375 0.42592592592592593 0.076171875 0.10052910052910052
7 0.16943359375 0.5291005291005291 0.1162109375 0.08112874779541446
7 0.30126953125 0.46119929453262787 0.0830078125 0.2204585537918871
7 0.40234375 0.47883597883597884 0.083984375 0.23809523809523808
7 0.20166015625 0.6472663139329806 0.2275390625 0.10582010582010581
7 0.5048828125 0.4858906525573192 0.05859375 0.19576719576719576
7 0.58154296875 0.5326278659611993 0.0615234375 0.24338624338624337
7 0.5302734375 0.7160493827160493 0.19140625 0.12345679012345678
7 0.66650390625 0.5423280423280423 0.0576171875 0.3439153439153439
7 0.9404296875 0.2566137566137566 0.119140625 0.2310405643738977
7 0.873046875 0.45238095238095233 0.189453125 0.3439153439153439
