1 0.12451171875 0.3232682060390764 0.0732421875 0.08170515097690942
1 0.3935546875 0.11190053285968028 0.076171875 0.06394316163410302
1 0.24755859375 0.5008880994671403 0.0771484375 0.05328596802841919
1 0.1474609375 0.8907637655417407 0.0859375 0.06216696269982238
1 0.44921875 0.5159857904085258 0.044921875 0.08348134991119005
1 0.455078125 0.8952042628774423 0.07421875 0.13143872113676733
1 0.611328125 0.10657193605683837 0.056640625 0.04262877442273535
1 0.62353515625 0.41474245115452935 0.0732421875 0.06571936056838366
1 0.8623046875 0.2060390763765542 0.05078125 0.046181172291296625
1 0.77392578125 0.7655417406749556 0.0556640625 0.04262877442273535
