0 0.29063509149623246 0.2927509293680297 0.07750269106566199 0.09479553903345725
0 0.3616792249730893 0.3131970260223048 0.08180839612486544 0.1319702602230483
0 0.5236813778256189 0.3150557620817844 0.08073196986006458 0.12453531598513011
0 0.6044133476856834 0.3066914498141264 0.05059203444564047 0.0966542750929368
0 0.685145317545748 0.3178438661710037 0.08073196986006458 0.12639405204460966
0 0.1867599569429494 0.5799256505576208 0.0635091496232508 0.12267657992565055
0 0.2648008611410118 0.5827137546468402 0.06673842841765339 0.12453531598513011
0 0.34284176533907423 0.578996282527881 0.06996770721205597 0.1319702602230483
0 0.6307857911733046 0.5901486988847583 0.0581270182992465 0.12453531598513011
0 0.7002152852529601 0.5947955390334572 0.06135629709364908 0.12639405204460966
