0 0.05810546875 0.3411764705882353 0.0556640625 0.14509803921568626
0 0.1904296875 0.33627450980392154 0.052734375 0.12745098039215685
0 0.26220703125 0.33627450980392154 0.0791015625 0.1588235294117647
0 0.3466796875 0.33431372549019606 0.05859375 0.1196078431372549
0 0.5380859375 0.296078431372549 0.06640625 0.13725490196078433
0 0.7763671875 0.2911764705882353 0.068359375 0.13529411764705881
0 0.06591796875 0.6666666666666666 0.0615234375 0.14901960784313725
0 0.28173828125 0.6333333333333333 0.0673828125 0.14509803921568626
0 0.3642578125 0.6264705882352941 0.0546875 0.1392156862745098
0 0.5625 0.6 0.06640625 0.14901960784313725
0 0.65185546875 0.5872549019607843 0.0673828125 0.14705882352941177
0 0.74658203125 0.7196078431372549 0.0634765625 0.12941176470588234
0 0.89990234375 0.7794117647058824 0.0771484375 0.11176470588235293
