1 0.48486328125 0.6771019677996423 0.0380859375 0.06976744186046512
1 0.65087890625 0.11806797853309481 0.0595703125 0.07871198568872988
1 0.642578125 0.518783542039356 0.0625 0.1037567084078712
1 0.60986328125 0.8381037567084079 0.0380859375 0.06976744186046512
1 0.74658203125 0.7710196779964222 0.0439453125 0.07871198568872988
1 0.8828125 0.43559928443649376 0.06640625 0.11270125223613596
1 0.8798828125 0.6833631484794276 0.056640625 0.08944543828264759
1 0.93896484375 0.9311270125223614 0.0380859375 0.06976744186046512
1 0.927734375 0.0706618962432916 0.04296875 0.07692307692307693
1 0.4775390625 0.9597495527728086 0.052734375 0.06976744186046512
