2 0.36083984375 0.08800000000000001 0.0380859375 0.054400000000000004
2 0.41357421875 0.0912 0.0419921875 0.0608
2 0.50439453125 0.0936 0.0283203125 0.046400000000000004
2 0.60205078125 0.1 0.0322265625 0.049600000000000005
2 0.66064453125 0.1056 0.0341796875 0.054400000000000004
2 0.7197265625 0.1336 0.03515625 0.0528
2 0.52978515625 0.14400000000000002 0.0244140625 0.038400000000000004
2 0.37158203125 0.1784 0.0380859375 0.062400000000000004
2 0.41455078125 0.1968 0.0400390625 0.048
2 0.50390625 0.196 0.029296875 0.046400000000000004
2 0.6025390625 0.18560000000000001 0.029296875 0.0448
2 0.66064453125 0.18960000000000002 0.0341796875 0.0528
2 0.24609375 0.388 0.03515625 0.0592
2 0.30029296875 0.3512 0.0322265625 0.0528
2 0.3447265625 0.3904 0.03515625 0.054400000000000004
2 0.427734375 0.388 0.03515625 0.0528
2 0.4794921875 0.3856 0.033203125 0.0512
2 0.53564453125 0.3856 0.0322265625 0.0512
2 0.5869140625 0.3864 0.033203125 0.049600000000000005
2 0.64697265625 0.3904 0.0322265625 0.0512
2 0.2333984375 0.4824 0.03125 0.049600000000000005
2 0.28662109375 0.47440000000000004 0.0283203125 0.04
2 0.2021484375 0.524 0.033203125 0.046400000000000004
2 0.28662109375 0.5264 0.0263671875 0.041600000000000005
2 0.33935546875 0.5064000000000001 0.0458984375 0.0688
2 0.42919921875 0.45680000000000004 0.0341796875 0.0528
2 0.4765625 0.46 0.033203125 0.056
2 0.56201171875 0.4592 0.0302734375 0.0512
2 0.61181640625 0.4632 0.0302734375 0.049600000000000005
2 0.69970703125 0.42160000000000003 0.0322265625 0.0592
2 0.73486328125 0.47040000000000004 0.0341796875 0.054400000000000004
2 0.662109375 0.5 0.033203125 0.0528
2 0.4296875 0.5392 0.03125 0.0512
2 0.4775390625 0.5384 0.033203125 0.0528
2 0.54052734375 0.5328 0.0322265625 0.041600000000000005
2 0.5966796875 0.5376000000000001 0.041015625 0.0512
2 0.15478515625 0.64 0.0263671875 0.041600000000000005
2 0.19287109375 0.6384000000000001 0.0244140625 0.041600000000000005
2 0.23876953125 0.6128 0.0244140625 0.041600000000000005
2 0.2861328125 0.6048 0.02734375 0.041600000000000005
2 0.32666015625 0.6048 0.0244140625 0.0352
2 0.35498046875 0.6056 0.0224609375 0.0368
2 0.28564453125 0.6568 0.0263671875 0.0432
2 0.32763671875 0.6536000000000001 0.0244140625 0.0368
2 0.35546875 0.6544 0.0234375 0.038400000000000004
2 0.14892578125 0.7528 0.0244140625 0.04
2 0.1826171875 0.7552 0.025390625 0.0448
2 0.2177734375 0.7536 0.025390625 0.041600000000000005
2 0.2744140625 0.76 0.037109375 0.057600000000000005
2 0.32080078125 0.7568 0.0361328125 0.0608
1 0.51318359375 0.8048000000000001 0.0869140625 0.028800000000000003
