1 0.6613566289825282 0.5047489823609226 0.040082219938335044 0.10312075983717774
1 0.815005138746146 0.31411126187245586 0.03905447070914697 0.09362279511533242
1 0.7852004110996917 0.6248303934871099 0.04316546762589928 0.10176390773405698
2 0.632065775950668 0.694708276797829 0.045220966084275435 0.06512890094979647
2 0.6027749229188079 0.7469470827679783 0.04419321685508736 0.06377204884667571
2 0.697841726618705 0.7591587516960651 0.04316546762589928 0.06377204884667571
2 0.6695786228160329 0.8127544097693351 0.0421377183967112 0.06784260515603799
2 0.7425488180883865 0.8161465400271369 0.046248715313463515 0.06648575305291722
2 0.7117163412127441 0.869742198100407 0.0421377183967112 0.06512890094979647
2 0.4501541623843782 0.9151967435549524 0.045220966084275435 0.06377204884667571
2 0.5082219938335046 0.9185888738127543 0.046248715313463515 0.059701492537313425
