1 0.21142578125 0.35916919959473154 0.0341796875 0.12664640324214793
1 0.365234375 0.4533941236068896 0.044921875 0.07801418439716312
1 0.54931640625 0.7365754812563323 0.0595703125 0.09321175278622088
1 0.6767578125 0.11904761904761905 0.076171875 0.08814589665653497
1 0.74267578125 0.414387031408308 0.0869140625 0.09929078014184398
2 0.0322265625 0.07446808510638299 0.064453125 0.06788247213779129
2 0.09912109375 0.08510638297872342 0.0615234375 0.07092198581560284
2 0.01904296875 0.21580547112462006 0.0361328125 0.04863221884498481
2 0.060546875 0.22289766970618036 0.044921875 0.04863221884498481
2 0.107421875 0.22998986828774065 0.048828125 0.04660587639311044
2 0.01708984375 0.26545086119554206 0.0322265625 0.0547112462006079
2 0.05615234375 0.27355623100303955 0.0478515625 0.05268490374873354
2 0.10400390625 0.27963525835866265 0.0478515625 0.05268490374873354
2 0.05322265625 0.32218844984802436 0.0458984375 0.05268490374873354
2 0.09912109375 0.3297872340425532 0.0458984375 0.053698074974670724
2 0.07080078125 0.4569402228976697 0.0517578125 0.056737588652482275
2 0.0302734375 0.14488348530901723 0.05859375 0.06686930091185411
2 0.09326171875 0.15602836879432624 0.0615234375 0.06889564336372847
