0 0.06298828125 0.3635294117647058 0.0595703125 0.16235294117647056
0 0.13037109375 0.3564705882352941 0.0576171875 0.15294117647058822
0 0.1962890625 0.3364705882352941 0.056640625 0.15058823529411763
0 0.26513671875 0.3388235294117647 0.0556640625 0.14588235294117646
0 0.330078125 0.32705882352941174 0.060546875 0.14588235294117646
0 0.3984375 0.30941176470588233 0.060546875 0.14352941176470588
0 0.46533203125 0.2941176470588235 0.0517578125 0.14588235294117646
0 0.5224609375 0.2717647058823529 0.052734375 0.12941176470588234
0 0.65380859375 0.2823529411764706 0.0498046875 0.15058823529411763
0 0.7109375 0.26235294117647057 0.05078125 0.14823529411764705
0 0.7705078125 0.2541176470588235 0.05078125 0.14588235294117646
0 0.833984375 0.26235294117647057 0.0546875 0.14823529411764705
0 0.890625 0.24823529411764703 0.052734375 0.14823529411764705
0 0.947265625 0.2352941176470588 0.0546875 0.14588235294117646
0 0.109375 0.7258823529411764 0.0546875 0.16235294117647056
0 0.31396484375 0.7058823529411764 0.0673828125 0.16941176470588235
0 0.38623046875 0.7058823529411764 0.0458984375 0.15058823529411763
0 0.62255859375 0.656470588235294 0.0595703125 0.12705882352941175
0 0.76171875 0.608235294117647 0.06640625 0.16705882352941176
0 0.9033203125 0.6247058823529411 0.05078125 0.14352941176470588
0 0.96826171875 0.6 0.0634765625 0.16470588235294117
0 0.81689453125 0.8529411764705882 0.0810546875 0.1341176470588235
