0 0.146484375 0.11395101171459 0.08203125 0.10010649627263046
0 0.25244140625 0.11608093716719915 0.1064453125 0.1086261980830671
0 0.37060546875 0.10489882854100108 0.1025390625 0.11182108626198084
0 0.48193359375 0.12673056443024494 0.0966796875 0.10649627263045794
0 0.58935546875 0.1448349307774228 0.0927734375 0.09584664536741215
0 0.69482421875 0.12726304579339726 0.1044921875 0.11182108626198084
0 0.8173828125 0.1347177848775293 0.087890625 0.09691160809371673
0 0.94091796875 0.12619808306709265 0.1181640625 0.13099041533546327
0 0.1015625 0.2891373801916933 0.109375 0.10543130990415336
0 0.15283203125 0.56975505857295 0.0986328125 0.08945686900958467
0 0.15771484375 0.6975505857294996 0.1142578125 0.10223642172523963
0 0.15185546875 0.8205537806176785 0.0966796875 0.09265175718849841
2 0.78857421875 0.5314164004259851 0.0537109375 0.06176783812566561
2 0.82275390625 0.5804046858359958 0.0537109375 0.05324813631522897
2 0.7421875 0.5633652822151225 0.05859375 0.06176783812566561
2 0.76904296875 0.6144834930777423 0.0537109375 0.05750798722044729
2 0.6669921875 0.6043663471778489 0.044921875 0.047923322683706075
2 0.6962890625 0.6549520766773164 0.044921875 0.04898828541001066
2 0.6259765625 0.6320553780617679 0.044921875 0.04579339723109692
2 0.6552734375 0.6842385516506923 0.041015625 0.047923322683706075
2 0.5849609375 0.6608093716719915 0.041015625 0.043663471778487756
2 0.61328125 0.7113951011714591 0.04296875 0.046858359957401494
2 0.49609375 0.5351437699680511 0.0390625 0.03727369542066028
2 0.4736328125 0.4978700745473909 0.029296875 0.03727369542066028
