0 0.04931640625 0.10489882854100108 0.0966796875 0.11182108626198084
0 0.15771484375 0.12673056443024494 0.0966796875 0.10649627263045794
0 0.26513671875 0.1448349307774228 0.0927734375 0.09584664536741215
0 0.37060546875 0.12726304579339726 0.1044921875 0.11182108626198084
0 0.4931640625 0.1347177848775293 0.087890625 0.09691160809371673
0 0.62060546875 0.12619808306709265 0.1259765625 0.13099041533546327
0 0.73779296875 0.1352502662406816 0.1025390625 0.12140575079872205
0 0.84619140625 0.13791267305644303 0.1025390625 0.10969116080937168
2 0.46435546875 0.5314164004259851 0.0537109375 0.06176783812566561
2 0.49853515625 0.5804046858359958 0.0537109375 0.05324813631522897
2 0.41796875 0.5633652822151225 0.05859375 0.06176783812566561
2 0.44482421875 0.6144834930777423 0.0537109375 0.05750798722044729
2 0.3427734375 0.6043663471778489 0.044921875 0.047923322683706075
2 0.3720703125 0.6549520766773164 0.044921875 0.04898828541001066
2 0.3017578125 0.6320553780617679 0.044921875 0.04579339723109692
2 0.3310546875 0.6842385516506923 0.041015625 0.047923322683706075
2 0.2607421875 0.6608093716719915 0.041015625 0.043663471778487756
2 0.2890625 0.7113951011714591 0.04296875 0.046858359957401494
2 0.171875 0.5351437699680511 0.0390625 0.03727369542066028
2 0.1494140625 0.4978700745473909 0.029296875 0.03727369542066028
