0 0.10791015625 0.4617647058823529 0.0615234375 0.08235294117647059
0 0.1806640625 0.46911764705882353 0.05078125 0.10294117647058823
0 0.25439453125 0.4463235294117647 0.0595703125 0.09852941176470588
0 0.32958984375 0.4522058823529412 0.0576171875 0.10735294117647058
0 0.482421875 0.43088235294117644 0.05859375 0.09117647058823529
0 0.52978515625 0.3411764705882353 0.0693359375 0.09117647058823529
0 0.640625 0.15808823529411764 0.064453125 0.07794117647058824
0 0.67431640625 0.06691176470588235 0.0751953125 0.09852941176470588
0 0.08056640625 0.8117647058823529 0.0517578125 0.07941176470588235
0 0.2265625 0.8536764705882353 0.0625 0.09558823529411764
0 0.37841796875 0.8941176470588235 0.0537109375 0.058823529411764705
0 0.71484375 0.47720588235294115 0.0703125 0.0838235294117647
0 0.7685546875 0.3897058823529412 0.060546875 0.1
