0 0.07259713701431493 0.1443850267379679 0.06339468302658487 0.06951871657754011
0 0.11298568507157465 0.2192513368983957 0.07464212678936606 0.08021390374331551
0 0.19989775051124747 0.3716577540106952 0.052147239263803685 0.06684491978609625
0 0.24897750511247446 0.45187165775401067 0.06646216768916156 0.08021390374331551
0 0.4079754601226994 0.32687165775401067 0.034764826175869123 0.04679144385026738
0 0.45910020449897754 0.40975935828877 0.03885480572597137 0.044117647058823525
0 0.4386503067484663 0.7553475935828876 0.0408997955010225 0.06684491978609625
0 0.5173824130879346 0.7092245989304813 0.0408997955010225 0.05481283422459893
0 0.5920245398773006 0.6042780748663101 0.049079754601227 0.08288770053475936
0 0.6743353783231084 0.890374331550802 0.056237218813905934 0.08823529411764705
0 0.7341513292433538 0.8241978609625668 0.055214723926380375 0.08689839572192513
