0 0.0576171875 0.5139130434782608 0.07421875 0.13043478260869565
0 0.14111328125 0.4382608695652174 0.0693359375 0.12521739130434784
0 0.2392578125 0.528695652173913 0.0703125 0.14608695652173914
0 0.32470703125 0.44086956521739135 0.0693359375 0.12000000000000001
0 0.46044921875 0.5260869565217392 0.0693359375 0.1547826086956522
0 0.5322265625 0.4547826086956522 0.072265625 0.11304347826086956
0 0.63671875 0.5530434782608696 0.076171875 0.1356521739130435
0 0.70263671875 0.46260869565217394 0.0732421875 0.11826086956521739
0 0.8154296875 0.551304347826087 0.076171875 0.12173913043478261
0 0.87646484375 0.46695652173913044 0.0712890625 0.11652173913043479
