0 0.1 0.8801587301587301 0.09803921568627451 0.1253968253968254
0 0.26715686274509803 0.6706349206349206 0.07745098039215687 0.09365079365079365
0 0.28970588235294115 0.7944444444444444 0.07352941176470588 0.09047619047619047
0 0.3137254901960784 0.926984126984127 0.09411764705882353 0.12063492063492064
0 0.2122549019607843 0.23492063492063492 0.08137254901960785 0.12380952380952381
0 0.49313725490196075 0.08095238095238096 0.0784313725490196 0.13333333333333333
0 0.5583333333333333 0.25476190476190474 0.09509803921568627 0.11587301587301588
0 0.48333333333333334 0.42857142857142855 0.08235294117647059 0.13015873015873017
0 0.7985294117647058 0.6166666666666667 0.08137254901960785 0.11587301587301588
0 0.9137254901960784 0.5174603174603175 0.08039215686274509 0.13968253968253969
