0 0.087890625 0.1652249134948097 0.0703125 0.11245674740484429
0 0.08740234375 0.45069204152249137 0.0693359375 0.11245674740484429
0 0.08447265625 0.745674740484429 0.0693359375 0.11072664359861592
0 0.09033203125 0.8979238754325259 0.0830078125 0.11418685121107267
0 0.318359375 0.31055363321799306 0.080078125 0.08477508650519032
0 0.3154296875 0.634083044982699 0.0625 0.07093425605536333
0 0.3115234375 0.7569204152249135 0.078125 0.08477508650519032
0 0.33203125 0.9108996539792388 0.05859375 0.07785467128027682
0 0.40576171875 0.4757785467128028 0.0556640625 0.14186851211072665
0 0.4931640625 0.22145328719723184 0.052734375 0.13494809688581316
0 0.58251953125 0.5493079584775087 0.0849609375 0.08131487889273356
0 0.591796875 0.6634948096885813 0.064453125 0.07785467128027682
0 0.60546875 0.7750865051903114 0.060546875 0.07612456747404844
0 0.83056640625 0.3572664359861592 0.0654296875 0.11591695501730104
0 0.8251953125 0.5674740484429066 0.0546875 0.06920415224913495
0 0.818359375 0.6807958477508651 0.060546875 0.06747404844290658
0 0.84326171875 0.9126297577854672 0.0517578125 0.08477508650519032
0 0.921875 0.9083044982698962 0.046875 0.10034602076124567
