0 0.0302734375 0.4617647058823529 0.05859375 0.08235294117647059
0 0.1015625 0.46911764705882353 0.05078125 0.10294117647058823
0 0.17529296875 0.4463235294117647 0.0595703125 0.09852941176470588
0 0.25048828125 0.4522058823529412 0.0576171875 0.10735294117647058
0 0.4033203125 0.43088235294117644 0.05859375 0.09117647058823529
0 0.45068359375 0.3411764705882353 0.0693359375 0.09117647058823529
0 0.5615234375 0.15808823529411764 0.064453125 0.07794117647058824
0 0.59521484375 0.06691176470588235 0.0751953125 0.09852941176470588
0 0.1474609375 0.8536764705882353 0.0625 0.09558823529411764
0 0.29931640625 0.8941176470588235 0.0537109375 0.058823529411764705
0 0.6357421875 0.47720588235294115 0.0703125 0.0838235294117647
0 0.689453125 0.3897058823529412 0.060546875 0.1
0 0.94873046875 0.6389705882352941 0.0634765625 0.10735294117647058
