0 0.107421875 0.2594178082191781 0.0703125 0.12842465753424656
0 0.1865234375 0.24914383561643835 0.06640625 0.1113013698630137
0 0.2646484375 0.25513698630136983 0.06640625 0.13356164383561642
0 0.34619140625 0.2568493150684931 0.0654296875 0.1267123287671233
0 0.55859375 0.2363013698630137 0.0703125 0.1267123287671233
0 0.73046875 0.2251712328767123 0.068359375 0.11815068493150685
0 0.8876953125 0.2054794520547945 0.0625 0.1267123287671233
0 0.9228515625 0.10702054794520548 0.080078125 0.10787671232876711
0 0.0537109375 0.8835616438356164 0.06640625 0.0958904109589041
0 0.13525390625 0.8527397260273972 0.0673828125 0.1267123287671233
0 0.21826171875 0.8553082191780822 0.0791015625 0.16952054794520546
0 0.32177734375 0.8613013698630136 0.0810546875 0.16095890410958902
0 0.43115234375 0.8476027397260274 0.0791015625 0.1678082191780822
0 0.56396484375 0.8296232876712328 0.0849609375 0.15582191780821916
0 0.66064453125 0.8347602739726027 0.0830078125 0.1626712328767123
0 0.7666015625 0.8261986301369862 0.080078125 0.1626712328767123
0 0.875 0.8142123287671232 0.09765625 0.1934931506849315
0 0.95703125 0.7868150684931506 0.052734375 0.09417808219178081
0 0.4404296875 0.43150684931506844 0.06640625 0.13013698630136986
0 0.43798828125 0.6404109589041096 0.0673828125 0.0821917808219178
