0 0.0419921875 0.33627450980392154 0.052734375 0.12745098039215685
0 0.11376953125 0.33627450980392154 0.0791015625 0.1588235294117647
0 0.1982421875 0.33431372549019606 0.05859375 0.1196078431372549
0 0.3896484375 0.296078431372549 0.06640625 0.13725490196078433
0 0.6279296875 0.2911764705882353 0.068359375 0.13529411764705881
0 0.8779296875 0.25392156862745097 0.0546875 0.12352941176470589
0 0.8740234375 0.07450980392156863 0.076171875 0.10196078431372549
0 0.13330078125 0.6333333333333333 0.0673828125 0.14509803921568626
0 0.2158203125 0.6264705882352941 0.0546875 0.1392156862745098
0 0.4140625 0.6 0.06640625 0.14901960784313725
0 0.50341796875 0.5872549019607843 0.0673828125 0.14705882352941177
0 0.59814453125 0.7196078431372549 0.0634765625 0.12941176470588234
0 0.75146484375 0.7794117647058824 0.0771484375 0.11176470588235293
0 0.84912109375 0.5627450980392157 0.0654296875 0.14509803921568626
0 0.9287109375 0.5519607843137255 0.06640625 0.1588235294117647
