0 0.1142578125 0.3368852459016393 0.060546875 0.09016393442622951
0 0.20458984375 0.3401639344262295 0.0478515625 0.09016393442622951
0 0.27783203125 0.34262295081967215 0.0576171875 0.08852459016393442
0 0.4130859375 0.34098360655737703 0.048828125 0.07868852459016393
0 0.5732421875 0.3442622950819672 0.05859375 0.08524590163934426
0 0.6435546875 0.3483606557377049 0.0625 0.08688524590163935
0 0.77783203125 0.3401639344262295 0.0556640625 0.08032786885245902
0 0.0830078125 0.6188524590163934 0.05859375 0.09344262295081968
0 0.2392578125 0.6172131147540983 0.0625 0.09672131147540984
0 0.57568359375 0.6754098360655738 0.0634765625 0.11147540983606558
0 0.658203125 0.6434426229508197 0.044921875 0.1
0 0.740234375 0.6311475409836066 0.046875 0.10491803278688525
0 0.92236328125 0.6180327868852459 0.0595703125 0.10491803278688525
