0 0.10498046875 0.8988294314381271 0.0458984375 0.09866220735785954
0 0.17919921875 0.5543478260869565 0.0537109375 0.06856187290969899
0 0.36865234375 0.45652173913043476 0.0537109375 0.0802675585284281
0 0.6044921875 0.15217391304347827 0.0390625 0.07692307692307693
0 0.65087890625 0.11204013377926421 0.0322265625 0.06688963210702341
0 0.70556640625 0.12123745819397994 0.0478515625 0.08193979933110368
0 0.76318359375 0.2516722408026756 0.0400390625 0.051839464882943144
0 0.73583984375 0.3511705685618729 0.0556640625 0.07023411371237458
0 0.7041015625 0.4607023411371237 0.08203125 0.08193979933110368
0 0.69873046875 0.6981605351170569 0.0615234375 0.09531772575250835
0 0.7724609375 0.81438127090301 0.0625 0.0802675585284281
0 0.87451171875 0.06354515050167224 0.0673828125 0.07357859531772575
