0 0.095703125 0.17565485362095531 0.076171875 0.16332819722650233
0 0.095703125 0.4476117103235747 0.083984375 0.13097072419106318
0 0.1103515625 0.75346687211094 0.10546875 0.14791987673343607
0 0.27490234375 0.15254237288135594 0.0791015625 0.14175654853620956
0 0.35400390625 0.3366718027734977 0.0888671875 0.13405238828967642
0 0.3515625 0.4730354391371341 0.10546875 0.13559322033898305
0 0.35595703125 0.6117103235747304 0.0830078125 0.1325115562403698
0 0.36962890625 0.889060092449923 0.0849609375 0.1325115562403698
0 0.63720703125 0.2033898305084746 0.0810546875 0.1140215716486903
0 0.634765625 0.3289676425269646 0.080078125 0.13713405238828968
0 0.658203125 0.5878274268104777 0.10546875 0.15562403697996918
0 0.77880859375 0.11556240369799692 0.0751953125 0.1448382126348228
0 0.86572265625 0.42372881355932207 0.1064453125 0.14175654853620956
0 0.8759765625 0.6887519260400616 0.10546875 0.1325115562403698
