0 0.08154296875 0.502542372881356 0.0771484375 0.1271186440677966
0 0.32373046875 0.6042372881355932 0.0771484375 0.14745762711864407
0 0.39208984375 0.4813559322033898 0.0810546875 0.13220338983050847
0 0.4638671875 0.3525423728813559 0.07421875 0.12542372881355932
0 0.533203125 0.2271186440677966 0.076171875 0.1288135593220339
0 0.60498046875 0.11864406779661017 0.0791015625 0.13220338983050847
0 0.75732421875 0.17372881355932202 0.0693359375 0.1271186440677966
0 0.681640625 0.5347457627118644 0.07421875 0.13728813559322034
0 0.94140625 0.3516949152542373 0.083984375 0.16440677966101694
0 0.87255859375 0.6525423728813559 0.0986328125 0.17966101694915254
