0 0.07177734375 0.2714041095890411 0.0673828125 0.13184931506849315
0 0.1669921875 0.2594178082191781 0.0703125 0.12842465753424656
0 0.24609375 0.24914383561643835 0.06640625 0.1113013698630137
0 0.32421875 0.25513698630136983 0.06640625 0.13356164383561642
0 0.40576171875 0.2568493150684931 0.0654296875 0.1267123287671233
0 0.6181640625 0.2363013698630137 0.0703125 0.1267123287671233
0 0.7900390625 0.2251712328767123 0.068359375 0.11815068493150685
0 0.947265625 0.2054794520547945 0.0625 0.1267123287671233
0 0.97119140625 0.10702054794520548 0.0576171875 0.10787671232876711
0 0.11328125 0.8835616438356164 0.06640625 0.0958904109589041
0 0.19482421875 0.8527397260273972 0.0673828125 0.1267123287671233
0 0.27783203125 0.8553082191780822 0.0791015625 0.16952054794520546
0 0.38134765625 0.8613013698630136 0.0810546875 0.16095890410958902
0 0.49072265625 0.8476027397260274 0.0791015625 0.1678082191780822
0 0.62353515625 0.8296232876712328 0.0849609375 0.15582191780821916
0 0.72021484375 0.8347602739726027 0.0830078125 0.1626712328767123
0 0.826171875 0.8261986301369862 0.080078125 0.1626712328767123
0 0.9345703125 0.8142123287671232 0.09765625 0.1934931506849315
0 0.5 0.43150684931506844 0.06640625 0.13013698630136986
0 0.49755859375 0.6404109589041096 0.0673828125 0.0821917808219178
