0 0.11376953125 0.6878172588832487 0.0595703125 0.08967851099830795
0 0.1044921875 0.9247038917089678 0.0703125 0.09306260575296108
0 0.19921875 0.6996615905245347 0.0625 0.10321489001692047
0 0.2890625 0.6793570219966159 0.0546875 0.09983079526226735
0 0.2060546875 0.42047377326565144 0.048828125 0.08629441624365482
0 0.28515625 0.3392554991539763 0.056640625 0.09306260575296108
0 0.3935546875 0.1793570219966159 0.048828125 0.07445008460236886
0 0.60009765625 0.07698815566835872 0.0634765625 0.07952622673434856
0 0.58935546875 0.2817258883248731 0.0673828125 0.09306260575296108
0 0.6884765625 0.34348561759729274 0.046875 0.08798646362098138
0 0.7900390625 0.31810490693739424 0.056640625 0.09475465313028765
0 0.72705078125 0.6463620981387479 0.0654296875 0.1116751269035533
0 0.93115234375 0.4399323181049069 0.0595703125 0.09137055837563451
0 0.91064453125 0.5592216582064298 0.0673828125 0.08967851099830795
