0 0.19189453125 0.08344733242134063 0.0732421875 0.07934336525307797
0 0.1767578125 0.19493844049247605 0.08203125 0.08071135430916553
0 0.189453125 0.307797537619699 0.0859375 0.08207934336525308
0 0.1640625 0.5116279069767442 0.076171875 0.08755129958960328
0 0.14794921875 0.6292749658002736 0.0908203125 0.08481532147742818
0 0.19091796875 0.7387140902872777 0.0869140625 0.08207934336525308
0 0.07470703125 0.8283173734610123 0.0556640625 0.11354309165526676
0 0.197265625 0.8495212038303693 0.076171875 0.11491108071135431
0 0.58251953125 0.16005471956224349 0.0732421875 0.07387140902872777
0 0.5732421875 0.2667578659370725 0.068359375 0.07387140902872777
0 0.56298828125 0.3700410396716826 0.0751953125 0.06976744186046512
0 0.51806640625 0.47537619699042405 0.0673828125 0.09712722298221614
0 0.5439453125 0.5861833105335157 0.083984375 0.08344733242134063
0 0.53369140625 0.7770177838577291 0.0751953125 0.08481532147742818
0 0.53466796875 0.9001367989056087 0.0732421875 0.09302325581395349
0 0.6162109375 0.9028727770177838 0.0703125 0.07387140902872777
0 0.82666015625 0.06087551299589603 0.0830078125 0.08891928864569083
0 0.79443359375 0.1744186046511628 0.0869140625 0.07797537619699042
0 0.837890625 0.2647058823529412 0.08203125 0.07797537619699042
0 0.84130859375 0.387140902872777 0.0751953125 0.1012311901504788
0 0.7998046875 0.5294117647058824 0.10546875 0.08207934336525308
0 0.84912109375 0.6367989056087551 0.0908203125 0.07797537619699042
0 0.85302734375 0.7503419972640218 0.0693359375 0.08071135430916553
0 0.85107421875 0.9021887824897401 0.0615234375 0.10807113543091655
0 0.9462890625 0.36730506155950754 0.064453125 0.11901504787961696
