0 0.1181640625 0.15595075239398085 0.07421875 0.08207934336525308
0 0.0927734375 0.3030095759233926 0.111328125 0.12175102599179206
0 0.09765625 0.4582763337893297 0.115234375 0.12311901504787962
0 0.09521484375 0.6114911080711354 0.0615234375 0.09028727770177838
0 0.06103515625 0.7038303693570451 0.0771484375 0.07797537619699042
0 0.05810546875 0.8160054719562243 0.0830078125 0.08071135430916553
0 0.37255859375 0.08344733242134063 0.0732421875 0.07934336525307797
0 0.357421875 0.19493844049247605 0.08203125 0.08071135430916553
0 0.3701171875 0.307797537619699 0.0859375 0.08207934336525308
0 0.3447265625 0.5116279069767442 0.076171875 0.08755129958960328
0 0.32861328125 0.6292749658002736 0.0908203125 0.08481532147742818
0 0.37158203125 0.7387140902872777 0.0869140625 0.08207934336525308
0 0.25537109375 0.8283173734610123 0.0556640625 0.11354309165526676
0 0.3779296875 0.8495212038303693 0.076171875 0.11491108071135431
0 0.76318359375 0.16005471956224349 0.0732421875 0.07387140902872777
0 0.75390625 0.2667578659370725 0.068359375 0.07387140902872777
0 0.74365234375 0.3700410396716826 0.0751953125 0.06976744186046512
0 0.69873046875 0.47537619699042405 0.0673828125 0.09712722298221614
0 0.724609375 0.5861833105335157 0.083984375 0.08344733242134063
0 0.71435546875 0.7770177838577291 0.0751953125 0.08481532147742818
0 0.71533203125 0.9001367989056087 0.0732421875 0.09302325581395349
0 0.796875 0.9028727770177838 0.0703125 0.07387140902872777
0 0.9658203125 0.1744186046511628 0.068359375 0.07797537619699042
