0 0.109375 0.528695652173913 0.0703125 0.14608695652173914
0 0.19482421875 0.44086956521739135 0.0693359375 0.12000000000000001
0 0.33056640625 0.5260869565217392 0.0693359375 0.1547826086956522
0 0.40234375 0.4547826086956522 0.072265625 0.11304347826086956
0 0.5068359375 0.5530434782608696 0.076171875 0.1356521739130435
0 0.57275390625 0.46260869565217394 0.0732421875 0.11826086956521739
0 0.685546875 0.551304347826087 0.076171875 0.12173913043478261
0 0.74658203125 0.46695652173913044 0.0712890625 0.11652173913043479
0 0.86181640625 0.5643478260869565 0.0791015625 0.1373913043478261
0 0.91748046875 0.4817391304347826 0.0673828125 0.11826086956521739
