0 0.146484375 0.11395101171459 0.08203125 0.10010649627263046
0 0.25244140625 0.11608093716719915 0.1064453125 0.1086261980830671
0 0.37060546875 0.10489882854100108 0.1025390625 0.11182108626198084
0 0.48193359375 0.12673056443024494 0.0966796875 0.10649627263045794
0 0.58935546875 0.1448349307774228 0.0927734375 0.09584664536741215
0 0.69482421875 0.12726304579339726 0.1044921875 0.11182108626198084
0 0.8173828125 0.1347177848775293 0.087890625 0.09691160809371673
0 0.94091796875 0.12619808306709265 0.1181640625 0.13099041533546327
0 0.1015625 0.2891373801916933 0.109375 0.10543130990415336
0 0.15283203125 0.56975505857295 0.0986328125 0.08945686900958467
0 0.15771484375 0.6975505857294996 0.1142578125 0.10223642172523963
0 0.15185546875 0.8205537806176785 0.0966796875 0.09265175718849841
