0 0.19189453125 0.08344733242134063 0.0732421875 0.07934336525307797
0 0.1767578125 0.19493844049247605 0.08203125 0.08071135430916553
0 0.189453125 0.307797537619699 0.0859375 0.08207934336525308
0 0.1640625 0.5116279069767442 0.076171875 0.08755129958960328
0 0.14794921875 0.6292749658002736 0.0908203125 0.08481532147742818
0 0.19091796875 0.7387140902872777 0.0869140625 0.08207934336525308
0 0.07470703125 0.8283173734610123 0.0556640625 0.11354309165526676
0 0.197265625 0.8495212038303693 0.076171875 0.11491108071135431
0 0.58251953125 0.16005471956224349 0.0732421875 0.07387140902872777
0 0.5732421875 0.2667578659370725 0.068359375 0.07387140902872777
