0 0.10302734375 0.4749552772808587 0.0244140625 0.07692307692307693
0 0.13671875 0.7513416815742398 0.02734375 0.08944543828264759
0 0.36328125 0.32558139534883723 0.03125 0.09302325581395349
0 0.32958984375 0.774597495527728 0.0263671875 0.09660107334525939
0 0.501953125 0.15384615384615385 0.05859375 0.06797853309481217
0 0.51416015625 0.3631484794275492 0.0361328125 0.06797853309481217
0 0.76318359375 0.2504472271914132 0.0673828125 0.057245080500894455
0 0.9052734375 0.2504472271914132 0.060546875 0.046511627906976744
0 0.62939453125 0.5536672629695886 0.0498046875 0.11985688729874776
0 0.88720703125 0.537567084078712 0.0908203125 0.08765652951699464
0 0.88427734375 0.832737030411449 0.0537109375 0.07334525939177101
