0 0.08203125 0.8440860215053764 0.04296875 0.0931899641577061
0 0.1259765625 0.5618279569892473 0.0703125 0.11648745519713262
0 0.28466796875 0.6370967741935484 0.0498046875 0.09498207885304659
0 0.35986328125 0.22939068100358423 0.0458984375 0.11469534050179211
0 0.53857421875 0.07616487455197132 0.0556640625 0.06272401433691756
0 0.65234375 0.3270609318996416 0.044921875 0.11648745519713262
0 0.685546875 0.49014336917562723 0.07421875 0.0913978494623656
0 0.53076171875 0.764336917562724 0.0810546875 0.05555555555555555
0 0.8115234375 0.13620071684587814 0.0546875 0.05734767025089606
0 0.88427734375 0.1935483870967742 0.0556640625 0.053763440860215055
0 0.91748046875 0.46863799283154123 0.0595703125 0.04838709677419355
0 0.86083984375 0.8216845878136201 0.0673828125 0.12007168458781362
