0 0.08935546875 0.3232682060390764 0.0732421875 0.08170515097690942
0 0.3583984375 0.11190053285968028 0.076171875 0.06394316163410302
0 0.21240234375 0.5008880994671403 0.0771484375 0.05328596802841919
0 0.1123046875 0.8907637655417407 0.0859375 0.06216696269982238
0 0.4140625 0.5159857904085258 0.044921875 0.08348134991119005
0 0.419921875 0.8952042628774423 0.07421875 0.13143872113676733
0 0.576171875 0.10657193605683837 0.056640625 0.04262877442273535
0 0.58837890625 0.41474245115452935 0.0732421875 0.06571936056838366
0 0.8271484375 0.2060390763765542 0.05078125 0.046181172291296625
0 0.73876953125 0.7655417406749556 0.0556640625 0.04262877442273535
