22.0 69.0 101.0 136.0 1
37.0 249.0 131.0 341.0 1
155.0 278.0 204.0 335.0 1
232.0 258.0 322.0 354.0 1
337.0 251.0 403.0 302.0 1
379.0 149.0 467.0 228.0 1
495.0 70.0 583.0 174.0 1
606.0 94.0 660.0 166.0 1
680.0 105.0 733.0 165.0 1
765.0 93.0 838.0 192.0 1
858.0 103.0 910.0 171.0 1
932.0 106.0 985.0 182.0 1
32.0 496.0 112.0 585.0 1
122.0 479.0 202.0 573.0 1
226.0 489.0 304.0 575.0 1
334.0 563.0 389.0 603.0 1
667.0 318.0 721.0 377.0 1
734.0 322.0 783.0 382.0 1
802.0 324.0 846.0 383.0 1
862.0 329.0 910.0 382.0 1
664.0 526.0 710.0 572.0 1
788.0 533.0 840.0 576.0 1
