50.0 69.0 129.0 136.0 1
65.0 249.0 159.0 341.0 1
183.0 278.0 232.0 335.0 1
260.0 258.0 350.0 354.0 1
365.0 251.0 431.0 302.0 1
407.0 149.0 495.0 228.0 1
523.0 70.0 611.0 174.0 1
634.0 94.0 688.0 166.0 1
708.0 105.0 761.0 165.0 1
793.0 93.0 866.0 192.0 1
886.0 103.0 938.0 171.0 1
960.0 106.0 1013.0 182.0 1
60.0 496.0 140.0 585.0 1
150.0 479.0 230.0 573.0 1
254.0 489.0 332.0 575.0 1
362.0 563.0 417.0 603.0 1
695.0 318.0 749.0 377.0 1
762.0 322.0 811.0 382.0 1
830.0 324.0 874.0 383.0 1
890.0 329.0 938.0 382.0 1
692.0 526.0 738.0 572.0 1
816.0 533.0 868.0 576.0 1
