871.0 469.0 925.0 507.0 10
363.0 592.0 396.0 640.0 10
413.0 502.0 444.0 550.0 10
522.0 301.0 579.0 340.0 10
621.0 271.0 651.0 327.0 10
400.0 167.0 436.0 219.0 10
243.0 133.0 289.0 172.0 10
661.0 28.0 695.0 67.0 10
684.0 36.0 718.0 74.0 10
724.0 49.0 757.0 96.0 10
774.0 72.0 810.0 129.0 10
883.0 130.0 915.0 180.0 10
909.0 135.0 944.0 191.0 10
937.0 155.0 967.0 207.0 10
961.0 173.0 993.0 219.0 10
71.0 8.0 118.0 57.0 10
102.0 210.0 145.0 256.0 10
472.0 272.0 512.0 308.0 10
672.0 505.0 708.0 557.0 10
696.0 521.0 736.0 578.0 10
815.0 435.0 860.0 470.0 10
746.0 50.0 788.0 109.0 10
438.0 446.0 482.0 503.0 10
