908.0 469.0 962.0 507.0 10
400.0 592.0 433.0 640.0 10
450.0 502.0 481.0 550.0 10
559.0 301.0 616.0 340.0 10
658.0 271.0 688.0 327.0 10
437.0 167.0 473.0 219.0 10
280.0 133.0 326.0 172.0 10
698.0 28.0 732.0 67.0 10
721.0 36.0 755.0 74.0 10
761.0 49.0 794.0 96.0 10
811.0 72.0 847.0 129.0 10
920.0 130.0 952.0 180.0 10
946.0 135.0 981.0 191.0 10
974.0 155.0 1004.0 207.0 10
998.0 173.0 1024.0 219.0 10
108.0 8.0 155.0 57.0 10
139.0 210.0 182.0 256.0 10
509.0 272.0 549.0 308.0 10
709.0 505.0 745.0 557.0 10
733.0 521.0 773.0 578.0 10
852.0 435.0 897.0 470.0 10
783.0 50.0 825.0 109.0 10
475.0 446.0 519.0 503.0 10
