1.0 46.0 100.0 151.0 1
112.0 69.0 211.0 169.0 1
224.0 91.0 319.0 181.0 1
326.0 67.0 433.0 172.0 1
460.0 81.0 550.0 172.0 1
571.0 57.0 700.0 180.0 1
703.0 70.0 808.0 184.0 1
814.0 78.0 919.0 181.0 1
448.0 470.0 503.0 528.0 3
483.0 520.0 538.0 570.0 3
398.0 500.0 458.0 558.0 3
428.0 550.0 483.0 604.0 3
328.0 545.0 374.0 590.0 3
358.0 592.0 404.0 638.0 3
286.0 572.0 332.0 615.0 3
318.0 620.0 360.0 665.0 3
246.0 600.0 288.0 641.0 3
274.0 646.0 318.0 690.0 3
156.0 485.0 196.0 520.0 3
138.0 450.0 168.0 485.0 3
