138.0 47.0 195.0 97.0 3
214.0 47.0 263.0 97.0 3
275.0 45.0 327.0 97.0 3
320.0 45.0 373.0 95.0 3
370.0 45.0 416.0 91.0 3
286.0 138.0 338.0 187.0 3
354.0 140.0 411.0 187.0 3
212.0 203.0 267.0 251.0 3
358.0 201.0 412.0 248.0 3
285.0 198.0 340.0 252.0 3
147.0 264.0 195.0 315.0 3
190.0 265.0 239.0 313.0 3
232.0 267.0 281.0 314.0 3
305.0 261.0 363.0 313.0 3
368.0 262.0 424.0 312.0 3
175.0 327.0 211.0 361.0 3
174.0 355.0 210.0 391.0 3
213.0 328.0 251.0 361.0 3
214.0 355.0 250.0 389.0 3
254.0 327.0 292.0 361.0 3
251.0 353.0 291.0 391.0 3
300.0 329.0 356.0 383.0 3
363.0 332.0 421.0 387.0 3
230.0 403.0 292.0 460.0 3
235.0 470.0 294.0 525.0 3
304.0 403.0 361.0 459.0 3
305.0 470.0 362.0 527.0 3
362.0 403.0 420.0 455.0 3
367.0 470.0 425.0 524.0 3
137.0 428.0 191.0 535.0 2
283.0 593.0 382.0 621.0 2
