266.0 47.0 323.0 97.0 3
342.0 47.0 391.0 97.0 3
403.0 45.0 455.0 97.0 3
448.0 45.0 501.0 95.0 3
498.0 45.0 544.0 91.0 3
414.0 138.0 466.0 187.0 3
482.0 140.0 539.0 187.0 3
340.0 203.0 395.0 251.0 3
486.0 201.0 540.0 248.0 3
413.0 198.0 468.0 252.0 3
275.0 264.0 323.0 315.0 3
318.0 265.0 367.0 313.0 3
360.0 267.0 409.0 314.0 3
433.0 261.0 491.0 313.0 3
496.0 262.0 552.0 312.0 3
303.0 327.0 339.0 361.0 3
302.0 355.0 338.0 391.0 3
341.0 328.0 379.0 361.0 3
342.0 355.0 378.0 389.0 3
382.0 327.0 420.0 361.0 3
379.0 353.0 419.0 391.0 3
428.0 329.0 484.0 383.0 3
491.0 332.0 549.0 387.0 3
358.0 403.0 420.0 460.0 3
363.0 470.0 422.0 525.0 3
432.0 403.0 489.0 459.0 3
433.0 470.0 490.0 527.0 3
490.0 403.0 548.0 455.0 3
495.0 470.0 553.0 524.0 3
265.0 428.0 319.0 535.0 2
411.0 593.0 510.0 621.0 2
