633.0 581.0 683.0 621.0 10
814.0 340.0 868.0 377.0 10
916.0 227.0 940.0 280.0 10
943.0 206.0 970.0 258.0 10
975.0 175.0 1002.0 233.0 10
942.0 57.0 985.0 112.0 10
879.0 138.0 934.0 165.0 10
699.0 308.0 760.0 334.0 10
642.0 362.0 700.0 389.0 10
613.0 387.0 665.0 413.0 10
678.0 103.0 717.0 153.0 10
655.0 121.0 696.0 168.0 10
606.0 150.0 648.0 200.0 10
591.0 169.0 626.0 215.0 10
565.0 182.0 606.0 231.0 10
544.0 197.0 586.0 249.0 10
524.0 221.0 564.0 266.0 10
498.0 292.0 543.0 335.0 10
506.0 318.0 548.0 356.0 10
527.0 338.0 570.0 378.0 10
558.0 362.0 585.0 416.0 10
591.0 359.0 614.0 403.0 10
612.0 327.0 638.0 382.0 10
501.0 395.0 548.0 439.0 10
482.0 368.0 525.0 407.0 10
456.0 349.0 507.0 397.0 10
438.0 329.0 487.0 375.0 10
418.0 308.0 474.0 352.0 10
406.0 285.0 458.0 323.0 10
398.0 256.0 445.0 294.0 10
391.0 229.0 435.0 258.0 10
374.0 199.0 428.0 232.0 10
352.0 335.0 410.0 368.0 10
350.0 378.0 392.0 415.0 10
395.0 409.0 460.0 463.0 10
442.0 204.0 484.0 251.0 10
468.0 185.0 509.0 232.0 10
516.0 157.0 552.0 201.0 10
536.0 142.0 572.0 185.0 10
553.0 118.0 593.0 172.0 10
577.0 109.0 617.0 157.0 10
598.0 87.0 639.0 141.0 10
547.0 50.0 589.0 102.0 10
505.0 92.0 539.0 135.0 10
479.0 105.0 515.0 149.0 10
431.0 131.0 470.0 180.0 10
404.0 143.0 446.0 197.0 10
126.0 387.0 154.0 449.0 10
202.0 416.0 232.0 459.0 10
465.0 456.0 515.0 505.0 10
525.0 445.0 577.0 467.0 10
578.0 445.0 627.0 466.0 10
605.0 419.0 652.0 440.0 10
495.0 658.0 539.0 703.0 10
640.0 316.0 666.0 356.0 10
673.0 290.0 698.0 333.0 10
676.0 338.0 730.0 363.0 10
728.0 228.0 753.0 273.0 10
730.0 284.0 785.0 306.0 10
568.0 38.0 608.0 77.0 10
599.0 28.0 633.0 68.0 10
625.0 75.0 661.0 116.0 10
907.0 111.0 958.0 139.0 10
843.0 166.0 899.0 191.0 10
790.0 613.0 834.0 667.0 10
475.0 253.0 521.0 296.0 10
504.0 240.0 542.0 279.0 10
