581.0 581.0 631.0 621.0 10
762.0 340.0 816.0 377.0 10
864.0 227.0 888.0 280.0 10
891.0 206.0 918.0 258.0 10
923.0 175.0 950.0 233.0 10
890.0 57.0 933.0 112.0 10
827.0 138.0 882.0 165.0 10
647.0 308.0 708.0 334.0 10
590.0 362.0 648.0 389.0 10
561.0 387.0 613.0 413.0 10
626.0 103.0 665.0 153.0 10
603.0 121.0 644.0 168.0 10
554.0 150.0 596.0 200.0 10
539.0 169.0 574.0 215.0 10
513.0 182.0 554.0 231.0 10
492.0 197.0 534.0 249.0 10
472.0 221.0 512.0 266.0 10
446.0 292.0 491.0 335.0 10
454.0 318.0 496.0 356.0 10
475.0 338.0 518.0 378.0 10
506.0 362.0 533.0 416.0 10
539.0 359.0 562.0 403.0 10
560.0 327.0 586.0 382.0 10
449.0 395.0 496.0 439.0 10
430.0 368.0 473.0 407.0 10
404.0 349.0 455.0 397.0 10
386.0 329.0 435.0 375.0 10
366.0 308.0 422.0 352.0 10
354.0 285.0 406.0 323.0 10
346.0 256.0 393.0 294.0 10
339.0 229.0 383.0 258.0 10
322.0 199.0 376.0 232.0 10
300.0 335.0 358.0 368.0 10
298.0 378.0 340.0 415.0 10
343.0 409.0 408.0 463.0 10
390.0 204.0 432.0 251.0 10
416.0 185.0 457.0 232.0 10
464.0 157.0 500.0 201.0 10
484.0 142.0 520.0 185.0 10
501.0 118.0 541.0 172.0 10
525.0 109.0 565.0 157.0 10
546.0 87.0 587.0 141.0 10
495.0 50.0 537.0 102.0 10
453.0 92.0 487.0 135.0 10
427.0 105.0 463.0 149.0 10
379.0 131.0 418.0 180.0 10
352.0 143.0 394.0 197.0 10
74.0 387.0 102.0 449.0 10
150.0 416.0 180.0 459.0 10
413.0 456.0 463.0 505.0 10
473.0 445.0 525.0 467.0 10
526.0 445.0 575.0 466.0 10
553.0 419.0 600.0 440.0 10
443.0 658.0 487.0 703.0 10
588.0 316.0 614.0 356.0 10
621.0 290.0 646.0 333.0 10
624.0 338.0 678.0 363.0 10
676.0 228.0 701.0 273.0 10
678.0 284.0 733.0 306.0 10
516.0 38.0 556.0 77.0 10
547.0 28.0 581.0 68.0 10
573.0 75.0 609.0 116.0 10
855.0 111.0 906.0 139.0 10
791.0 166.0 847.0 191.0 10
738.0 613.0 782.0 667.0 10
423.0 253.0 469.0 296.0 10
452.0 240.0 490.0 279.0 10
