318.0 560.0 347.0 619.0 10
321.0 500.0 346.0 551.0 10
592.0 610.0 651.0 637.0 10
328.0 402.0 388.0 430.0 10
555.0 319.0 582.0 375.0 10
640.0 316.0 667.0 368.0 10
815.0 309.0 846.0 370.0 10
844.0 310.0 875.0 367.0 10
870.0 308.0 897.0 363.0 10
895.0 309.0 919.0 356.0 10
918.0 306.0 943.0 354.0 10
990.0 232.0 1017.0 277.0 10
848.0 74.0 885.0 117.0 10
820.0 68.0 853.0 110.0 10
412.0 596.0 463.0 622.0 10
233.0 336.0 255.0 384.0 10
310.0 331.0 332.0 370.0 10
362.0 326.0 393.0 379.0 10
524.0 325.0 550.0 368.0 10
587.0 326.0 607.0 364.0 10
615.0 326.0 641.0 370.0 10
766.0 316.0 787.0 364.0 10
793.0 316.0 815.0 361.0 10
307.0 71.0 339.0 123.0 10
813.0 416.0 860.0 437.0 10
992.0 87.0 1013.0 134.0 10
994.0 170.0 1018.0 219.0 10
411.0 570.0 455.0 592.0 10
