52.0 515.0 152.0 594.0 1
233.0 393.0 312.0 452.0 1
258.0 472.0 333.0 529.0 1
272.0 546.0 368.0 622.0 1
175.0 109.0 258.0 187.0 1
463.0 9.0 543.0 93.0 1
521.0 124.0 618.0 197.0 1
451.0 229.0 535.0 311.0 1
773.0 352.0 856.0 425.0 1
891.0 282.0 973.0 370.0 1
387.0 382.0 443.0 429.0 3
403.0 437.0 459.0 478.0 3
423.0 489.0 475.0 527.0 3
466.0 355.0 530.0 403.0 3
490.0 417.0 555.0 467.0 3
523.0 324.0 588.0 374.0 3
548.0 384.0 614.0 437.0 3
615.0 291.0 673.0 332.0 3
634.0 343.0 693.0 383.0 3
654.0 389.0 711.0 435.0 3
