747.0 64.0 773.0 109.0 10
890.0 240.0 917.0 292.0 10
926.0 258.0 953.0 307.0 10
697.0 390.0 722.0 437.0 10
689.0 232.0 715.0 277.0 10
629.0 435.0 652.0 482.0 10
413.0 232.0 465.0 262.0 10
344.0 109.0 367.0 158.0 10
289.0 409.0 312.0 464.0 10
275.0 483.0 299.0 531.0 10
265.0 549.0 286.0 595.0 10
656.0 256.0 679.0 303.0 10
363.0 3.0 392.0 47.0 10
350.0 55.0 381.0 101.0 10
332.0 164.0 363.0 209.0 10
305.0 298.0 333.0 343.0 10
689.0 26.0 714.0 76.0 10
738.0 115.0 763.0 164.0 10
662.0 192.0 688.0 242.0 10
251.0 616.0 273.0 672.0 10
