481.0 152.0 525.0 202.0 2
567.0 238.0 612.0 287.0 2
533.0 319.0 591.0 381.0 2
504.0 339.0 569.0 409.0 2
435.0 408.0 487.0 466.0 2
514.0 60.0 564.0 113.0 3
610.0 45.0 665.0 99.0 3
594.0 125.0 646.0 176.0 3
694.0 77.0 746.0 129.0 3
673.0 172.0 726.0 225.0 3
785.0 112.0 838.0 166.0 3
769.0 190.0 822.0 243.0 3
751.0 284.0 803.0 335.0 3
871.0 170.0 926.0 222.0 3
852.0 261.0 902.0 315.0 3
753.0 284.0 806.0 339.0 3
824.0 406.0 873.0 457.0 3
900.0 422.0 948.0 472.0 3
812.0 454.0 860.0 504.0 3
888.0 468.0 936.0 517.0 3
798.0 507.0 849.0 558.0 3
874.0 524.0 921.0 576.0 3
409.0 555.0 460.0 607.0 3
