25.0 193.0 84.0 243.0 1
81.0 112.0 153.0 173.0 1
121.0 40.0 201.0 107.0 1
216.0 44.0 264.0 100.0 1
292.0 31.0 363.0 101.0 1
378.0 29.0 439.0 90.0 1
38.0 287.0 115.0 368.0 1
117.0 326.0 187.0 411.0 1
206.0 216.0 290.0 278.0 1
320.0 174.0 380.0 243.0 1
407.0 166.0 468.0 231.0 1
479.0 160.0 559.0 246.0 1
579.0 172.0 639.0 236.0 1
655.0 155.0 733.0 236.0 1
862.0 190.0 910.0 249.0 1
357.0 363.0 432.0 451.0 1
454.0 361.0 531.0 448.0 1
539.0 358.0 626.0 450.0 1
375.0 514.0 463.0 612.0 1
481.0 513.0 558.0 596.0 1
579.0 511.0 658.0 607.0 1
638.0 367.0 721.0 445.0 1
674.0 515.0 755.0 606.0 1
768.0 506.0 853.0 605.0 1
885.0 363.0 941.0 424.0 1
