74.0 114.0 146.0 189.0 1
157.0 113.0 225.0 178.0 1
237.0 110.0 305.0 188.0 1
321.0 113.0 388.0 187.0 1
536.0 101.0 608.0 175.0 1
713.0 97.0 783.0 166.0 1
877.0 83.0 941.0 157.0 1
904.0 31.0 986.0 94.0 1
21.0 488.0 89.0 544.0 1
104.0 461.0 173.0 535.0 1
183.0 450.0 264.0 549.0 1
288.0 456.0 371.0 550.0 1
401.0 446.0 482.0 544.0 1
534.0 439.0 621.0 530.0 1
634.0 440.0 719.0 535.0 1
744.0 435.0 826.0 530.0 1
846.0 419.0 946.0 532.0 1
953.0 432.0 1007.0 487.0 1
417.0 214.0 485.0 290.0 1
414.0 350.0 483.0 398.0 1
