337.0 227.0 373.0 272.0 10
388.0 131.0 424.0 181.0 10
261.0 561.0 308.0 599.0 10
770.0 585.0 820.0 625.0 10
825.0 611.0 877.0 643.0 10
605.0 65.0 653.0 93.0 10
595.0 117.0 634.0 144.0 10
562.0 132.0 606.0 162.0 10
551.0 154.0 590.0 181.0 10
540.0 175.0 583.0 207.0 10
519.0 196.0 568.0 232.0 10
511.0 222.0 552.0 255.0 10
498.0 248.0 540.0 281.0 10
489.0 270.0 529.0 303.0 10
531.0 283.0 580.0 320.0 10
526.0 311.0 568.0 343.0 10
466.0 313.0 510.0 349.0 10
509.0 333.0 555.0 370.0 10
289.0 306.0 329.0 353.0 10
170.0 520.0 202.0 563.0 10
861.0 516.0 915.0 550.0 10
