1.0 671.0 52.0 737.0 3
1.0 743.0 50.0 804.0 3
1.0 819.0 55.0 878.0 3
1.0 888.0 55.0 954.0 3
92.0 686.0 160.0 749.0 3
163.0 687.0 227.0 753.0 3
91.0 779.0 167.0 860.0 3
74.0 879.0 149.0 948.0 3
155.0 876.0 233.0 951.0 3
121.0 423.0 197.0 495.0 3
199.0 449.0 275.0 521.0 3
295.0 438.0 374.0 518.0 3
373.0 440.0 454.0 518.0 3
250.0 293.0 325.0 357.0 3
374.0 329.0 445.0 390.0 3
472.0 258.0 547.0 327.0 3
554.0 288.0 610.0 350.0 3
529.0 338.0 592.0 395.0 3
602.0 329.0 673.0 395.0 3
305.0 657.0 382.0 735.0 3
257.0 779.0 325.0 837.0 3
257.0 831.0 317.0 890.0 3
257.0 882.0 325.0 945.0 3
338.0 773.0 400.0 833.0 3
335.0 836.0 400.0 890.0 3
335.0 884.0 400.0 938.0 3
422.0 773.0 500.0 845.0 3
422.0 848.0 499.0 914.0 3
520.0 779.0 586.0 839.0 3
515.0 848.0 583.0 908.0 3
610.0 809.0 689.0 885.0 3
719.0 773.0 785.0 827.0 3
719.0 827.0 779.0 887.0 3
788.0 765.0 862.0 822.0 3
787.0 813.0 859.0 878.0 3
872.0 797.0 938.0 858.0 3
932.0 762.0 1000.0 825.0 3
26.0 54.0 139.0 182.0 2
326.0 231.0 394.0 296.0 3
