91.0 563.0 159.0 623.0 3
85.0 632.0 169.0 708.0 3
90.0 747.0 169.0 821.0 3
88.0 833.0 171.0 908.0 3
198.0 689.0 277.0 762.0 3
196.0 764.0 274.0 839.0 3
195.0 845.0 280.0 917.0 3
297.0 681.0 376.0 758.0 3
295.0 762.0 378.0 837.0 3
408.0 680.0 492.0 761.0 3
411.0 759.0 495.0 843.0 3
409.0 863.0 496.0 942.0 3
501.0 677.0 582.0 755.0 3
499.0 759.0 582.0 839.0 3
610.0 675.0 684.0 738.0 3
615.0 741.0 685.0 806.0 3
616.0 821.0 687.0 887.0 3
616.0 890.0 687.0 954.0 3
687.0 671.0 756.0 737.0 3
684.0 743.0 754.0 804.0 3
691.0 819.0 759.0 878.0 3
688.0 888.0 759.0 954.0 3
796.0 686.0 864.0 749.0 3
867.0 687.0 931.0 753.0 3
795.0 779.0 871.0 860.0 3
778.0 879.0 853.0 948.0 3
859.0 876.0 937.0 951.0 3
825.0 423.0 901.0 495.0 3
903.0 449.0 979.0 521.0 3
954.0 293.0 1024.0 357.0 3
961.0 779.0 1024.0 837.0 3
961.0 831.0 1021.0 890.0 3
961.0 882.0 1024.0 945.0 3
451.0 296.0 549.0 407.0 2
730.0 54.0 843.0 182.0 2
