1.0 675.0 52.0 741.0 3
1.0 747.0 50.0 808.0 3
1.0 823.0 55.0 882.0 3
1.0 892.0 55.0 958.0 3
92.0 690.0 160.0 753.0 3
163.0 691.0 227.0 757.0 3
91.0 783.0 167.0 864.0 3
74.0 883.0 149.0 952.0 3
155.0 880.0 233.0 955.0 3
121.0 427.0 197.0 499.0 3
199.0 453.0 275.0 525.0 3
295.0 442.0 374.0 522.0 3
373.0 444.0 454.0 522.0 3
250.0 297.0 325.0 361.0 3
374.0 333.0 445.0 394.0 3
472.0 262.0 547.0 331.0 3
554.0 292.0 610.0 354.0 3
529.0 342.0 592.0 399.0 3
602.0 333.0 673.0 399.0 3
305.0 661.0 382.0 739.0 3
257.0 783.0 325.0 841.0 3
257.0 835.0 317.0 894.0 3
257.0 886.0 325.0 949.0 3
338.0 777.0 400.0 837.0 3
335.0 840.0 400.0 894.0 3
335.0 888.0 400.0 942.0 3
422.0 777.0 500.0 849.0 3
422.0 852.0 499.0 918.0 3
520.0 783.0 586.0 843.0 3
515.0 852.0 583.0 912.0 3
610.0 813.0 689.0 889.0 3
719.0 777.0 785.0 831.0 3
719.0 831.0 779.0 891.0 3
788.0 769.0 862.0 826.0 3
787.0 817.0 859.0 882.0 3
872.0 801.0 938.0 862.0 3
932.0 766.0 1000.0 829.0 3
26.0 58.0 139.0 186.0 2
326.0 235.0 394.0 300.0 3
