1.0 86.0 64.0 150.0 3
1.0 150.0 65.0 220.0 3
1.0 238.0 62.0 303.0 3
1.0 302.0 64.0 369.0 3
62.0 87.0 133.0 151.0 3
61.0 152.0 133.0 214.0 3
61.0 241.0 135.0 304.0 3
61.0 300.0 129.0 370.0 3
167.0 90.0 238.0 152.0 3
170.0 150.0 242.0 213.0 3
170.0 253.0 241.0 315.0 3
169.0 314.0 242.0 382.0 3
236.0 87.0 303.0 150.0 3
236.0 148.0 303.0 217.0 3
236.0 250.0 303.0 318.0 3
236.0 312.0 303.0 380.0 3
352.0 88.0 424.0 151.0 3
352.0 150.0 424.0 225.0 3
352.0 276.0 424.0 343.0 3
352.0 340.0 424.0 406.0 3
418.0 88.0 487.0 153.0 3
418.0 152.0 487.0 219.0 3
418.0 270.0 487.0 338.0 3
418.0 334.0 487.0 411.0 3
482.0 86.0 547.0 153.0 3
481.0 153.0 544.0 219.0 3
541.0 86.0 604.0 151.0 3
541.0 150.0 604.0 213.0 3
541.0 237.0 604.0 303.0 3
541.0 300.0 604.0 367.0 3
541.0 366.0 604.0 434.0 3
603.0 86.0 675.0 148.0 3
603.0 150.0 675.0 213.0 3
603.0 237.0 675.0 303.0 3
603.0 300.0 675.0 367.0 3
603.0 366.0 675.0 434.0 3
713.0 86.0 784.0 148.0 3
713.0 171.0 784.0 236.0 3
713.0 326.0 784.0 392.0 3
713.0 384.0 784.0 447.0 3
779.0 86.0 848.0 148.0 3
779.0 171.0 848.0 236.0 3
779.0 326.0 848.0 392.0 3
779.0 384.0 848.0 447.0 3
844.0 86.0 913.0 148.0 3
844.0 171.0 913.0 236.0 3
844.0 326.0 913.0 392.0 3
844.0 384.0 913.0 447.0 3
907.0 82.0 980.0 148.0 3
907.0 166.0 977.0 240.0 3
909.0 326.0 975.0 388.0 3
