43.0 88.0 108.0 151.0 3
40.0 181.0 108.0 250.0 3
39.0 252.0 110.0 320.0 3
104.0 85.0 174.0 152.0 3
100.0 184.0 172.0 254.0 3
105.0 248.0 175.0 318.0 3
165.0 85.0 235.0 157.0 3
170.0 182.0 236.0 250.0 3
166.0 246.0 238.0 316.0 3
229.0 87.0 303.0 158.0 3
230.0 183.0 301.0 249.0 3
231.0 248.0 302.0 314.0 3
354.0 86.0 423.0 150.0 3
355.0 150.0 424.0 220.0 3
351.0 238.0 421.0 303.0 3
355.0 302.0 423.0 369.0 3
421.0 87.0 492.0 151.0 3
420.0 152.0 492.0 214.0 3
420.0 241.0 494.0 304.0 3
420.0 300.0 488.0 370.0 3
526.0 90.0 597.0 152.0 3
529.0 150.0 601.0 213.0 3
529.0 253.0 600.0 315.0 3
528.0 314.0 601.0 382.0 3
595.0 87.0 662.0 150.0 3
595.0 148.0 662.0 217.0 3
595.0 250.0 662.0 318.0 3
595.0 312.0 662.0 380.0 3
711.0 88.0 783.0 151.0 3
711.0 150.0 783.0 225.0 3
711.0 276.0 783.0 343.0 3
711.0 340.0 783.0 406.0 3
777.0 88.0 846.0 153.0 3
777.0 152.0 846.0 219.0 3
777.0 270.0 846.0 338.0 3
777.0 334.0 846.0 411.0 3
841.0 86.0 906.0 153.0 3
840.0 153.0 903.0 219.0 3
900.0 86.0 963.0 151.0 3
900.0 150.0 963.0 213.0 3
900.0 237.0 963.0 303.0 3
900.0 300.0 963.0 367.0 3
900.0 366.0 963.0 434.0 3
962.0 86.0 1024.0 148.0 3
962.0 150.0 1024.0 213.0 3
962.0 237.0 1024.0 303.0 3
962.0 300.0 1024.0 367.0 3
962.0 366.0 1024.0 434.0 3
