605.0 229.0 698.0 314.0 3
682.0 223.0 784.0 310.0 3
758.0 193.0 853.0 277.0 3
569.0 308.0 671.0 406.0 3
656.0 313.0 755.0 406.0 3
749.0 314.0 848.0 400.0 3
539.0 416.0 611.0 494.0 3
536.0 481.0 611.0 553.0 3
601.0 421.0 677.0 491.0 3
602.0 485.0 677.0 554.0 3
667.0 443.0 770.0 539.0 3
536.0 554.0 608.0 623.0 3
538.0 616.0 610.0 691.0 3
601.0 557.0 673.0 623.0 3
601.0 617.0 676.0 692.0 3
664.0 556.0 736.0 628.0 3
664.0 616.0 740.0 689.0 3
727.0 562.0 796.0 626.0 3
728.0 617.0 794.0 676.0 3
533.0 689.0 610.0 767.0 3
596.0 686.0 671.0 764.0 3
662.0 691.0 733.0 761.0 3
724.0 688.0 799.0 764.0 3
595.0 767.0 691.0 862.0 3
694.0 772.0 797.0 866.0 3
55.0 52.0 124.0 155.0 2
292.0 58.0 365.0 139.0 2
