104.0 29.0 200.0 107.0 1
99.0 122.0 198.0 200.0 1
99.0 216.0 192.0 294.0 1
113.0 318.0 192.0 374.0 1
108.0 408.0 195.0 476.0 1
102.0 489.0 197.0 573.0 1
99.0 584.0 197.0 666.0 1
305.0 6.0 396.0 95.0 1
303.0 135.0 387.0 210.0 1
300.0 267.0 386.0 341.0 1
296.0 369.0 392.0 455.0 1
297.0 479.0 392.0 563.0 1
306.0 585.0 393.0 666.0 1
540.0 12.0 633.0 87.0 1
542.0 125.0 629.0 201.0 1
540.0 252.0 630.0 336.0 1
468.0 384.0 561.0 473.0 1
537.0 491.0 632.0 569.0 1
539.0 582.0 635.0 657.0 1
746.0 132.0 819.0 189.0 1
