439.0 292.0 474.0 417.0 2
591.0 409.0 637.0 486.0 2
772.0 681.0 833.0 773.0 2
894.0 74.0 972.0 161.0 2
956.0 360.0 1024.0 458.0 2
100.0 16.0 169.0 87.0 3
170.0 28.0 235.0 97.0 3
240.0 40.0 306.0 107.0 3
310.0 49.0 373.0 119.0 3
24.0 74.0 80.0 131.0 3
23.0 136.0 78.0 196.0 3
33.0 205.0 81.0 256.0 3
31.0 262.0 79.0 308.0 3
118.0 171.0 166.0 224.0 3
166.0 179.0 213.0 230.0 3
115.0 223.0 162.0 271.0 3
163.0 230.0 211.0 278.0 3
113.0 271.0 159.0 321.0 3
161.0 278.0 209.0 327.0 3
230.0 189.0 278.0 237.0 3
279.0 196.0 325.0 244.0 3
325.0 204.0 375.0 250.0 3
226.0 235.0 274.0 289.0 3
273.0 244.0 322.0 296.0 3
322.0 250.0 371.0 302.0 3
221.0 287.0 269.0 338.0 3
271.0 292.0 318.0 344.0 3
318.0 299.0 365.0 352.0 3
218.0 414.0 274.0 473.0 3
286.0 423.0 339.0 479.0 3
101.0 92.0 165.0 159.0 3
167.0 100.0 231.0 170.0 3
236.0 110.0 301.0 176.0 3
304.0 120.0 367.0 188.0 3
24.0 9.0 85.0 50.0 3
