5.0 114.0 83.0 186.0 3
2.0 192.0 76.0 262.0 3
1.0 264.0 53.0 333.0 3
130.0 102.0 212.0 177.0 3
133.0 181.0 212.0 253.0 3
128.0 258.0 209.0 333.0 3
254.0 100.0 332.0 178.0 3
253.0 178.0 332.0 253.0 3
250.0 258.0 331.0 337.0 3
383.0 103.0 464.0 178.0 3
385.0 181.0 466.0 256.0 3
386.0 259.0 466.0 336.0 3
491.0 97.0 556.0 156.0 3
494.0 153.0 560.0 213.0 3
1.0 717.0 73.0 792.0 3
1.0 796.0 70.0 874.0 3
79.0 751.0 175.0 828.0 3
1.0 369.0 77.0 450.0 3
1.0 451.0 77.0 529.0 3
1.0 529.0 85.0 609.0 3
1.0 606.0 77.0 672.0 3
130.0 375.0 217.0 451.0 3
125.0 451.0 209.0 531.0 3
134.0 529.0 212.0 607.0 3
131.0 610.0 205.0 678.0 3
251.0 373.0 337.0 451.0 3
253.0 451.0 334.0 529.0 3
404.0 381.0 481.0 457.0 3
