409.0 192.0 478.0 258.0 3
483.0 189.0 555.0 258.0 3
598.0 192.0 670.0 262.0 3
598.0 261.0 663.0 330.0 3
709.0 114.0 787.0 186.0 3
706.0 192.0 780.0 262.0 3
685.0 264.0 757.0 333.0 3
834.0 102.0 916.0 177.0 3
837.0 181.0 916.0 253.0 3
832.0 258.0 913.0 333.0 3
958.0 100.0 1024.0 178.0 3
957.0 178.0 1024.0 253.0 3
954.0 258.0 1024.0 337.0 3
409.0 520.0 492.0 603.0 3
409.0 601.0 493.0 676.0 3
504.0 525.0 588.0 603.0 3
507.0 600.0 588.0 675.0 3
235.0 709.0 324.0 795.0 3
253.0 789.0 334.0 873.0 3
321.0 706.0 399.0 792.0 3
331.0 811.0 402.0 883.0 3
384.0 768.0 450.0 837.0 3
460.0 717.0 532.0 786.0 3
507.0 774.0 567.0 834.0 3
456.0 810.0 535.0 883.0 3
594.0 721.0 682.0 801.0 3
594.0 799.0 681.0 879.0 3
699.0 717.0 777.0 792.0 3
694.0 796.0 774.0 874.0 3
783.0 751.0 879.0 828.0 3
700.0 369.0 781.0 450.0 3
699.0 451.0 781.0 529.0 3
700.0 529.0 789.0 609.0 3
705.0 606.0 781.0 672.0 3
834.0 375.0 921.0 451.0 3
829.0 451.0 913.0 531.0 3
838.0 529.0 916.0 607.0 3
835.0 610.0 909.0 678.0 3
955.0 373.0 1024.0 451.0 3
957.0 451.0 1024.0 529.0 3
