201.0 67.0 267.0 130.0 3
201.0 135.0 267.0 202.0 3
201.0 241.0 267.0 303.0 3
201.0 309.0 267.0 378.0 3
262.0 62.0 326.0 128.0 3
262.0 136.0 326.0 201.0 3
262.0 241.0 326.0 303.0 3
262.0 309.0 326.0 378.0 3
206.0 451.0 265.0 519.0 3
206.0 537.0 265.0 607.0 3
206.0 645.0 265.0 711.0 3
206.0 723.0 265.0 781.0 3
267.0 451.0 331.0 519.0 3
267.0 537.0 331.0 607.0 3
267.0 645.0 331.0 711.0 3
267.0 723.0 331.0 781.0 3
331.0 451.0 396.0 519.0 3
331.0 537.0 396.0 607.0 3
331.0 645.0 396.0 711.0 3
331.0 723.0 396.0 781.0 3
396.0 451.0 460.0 519.0 3
396.0 537.0 460.0 607.0 3
396.0 645.0 460.0 711.0 3
396.0 723.0 460.0 781.0 3
532.0 133.0 600.0 195.0 3
532.0 205.0 600.0 267.0 3
668.0 64.0 732.0 127.0 3
668.0 138.0 732.0 198.0 3
668.0 192.0 732.0 254.0 3
668.0 250.0 732.0 315.0 3
668.0 310.0 732.0 369.0 3
729.0 64.0 800.0 127.0 3
729.0 138.0 800.0 198.0 3
729.0 192.0 800.0 254.0 3
729.0 250.0 800.0 315.0 3
729.0 310.0 800.0 369.0 3
534.0 453.0 598.0 514.0 3
534.0 538.0 598.0 603.0 3
534.0 645.0 598.0 712.0 3
600.0 453.0 661.0 514.0 3
600.0 538.0 661.0 603.0 3
600.0 645.0 661.0 712.0 3
664.0 453.0 728.0 514.0 3
664.0 538.0 728.0 603.0 3
664.0 645.0 728.0 712.0 3
730.0 453.0 794.0 514.0 3
730.0 538.0 794.0 603.0 3
730.0 645.0 794.0 712.0 3
