27.0 62.0 91.0 128.0 3
27.0 136.0 91.0 201.0 3
27.0 241.0 91.0 303.0 3
27.0 309.0 91.0 378.0 3
32.0 451.0 96.0 519.0 3
32.0 537.0 96.0 607.0 3
32.0 645.0 96.0 711.0 3
32.0 723.0 96.0 781.0 3
96.0 451.0 161.0 519.0 3
96.0 537.0 161.0 607.0 3
96.0 645.0 161.0 711.0 3
96.0 723.0 161.0 781.0 3
161.0 451.0 225.0 519.0 3
161.0 537.0 225.0 607.0 3
161.0 645.0 225.0 711.0 3
161.0 723.0 225.0 781.0 3
297.0 133.0 365.0 195.0 3
297.0 205.0 365.0 267.0 3
433.0 64.0 497.0 127.0 3
433.0 138.0 497.0 198.0 3
433.0 192.0 497.0 254.0 3
433.0 250.0 497.0 315.0 3
433.0 310.0 497.0 369.0 3
494.0 64.0 565.0 127.0 3
494.0 138.0 565.0 198.0 3
494.0 192.0 565.0 254.0 3
494.0 250.0 565.0 315.0 3
494.0 310.0 565.0 369.0 3
299.0 453.0 363.0 514.0 3
299.0 538.0 363.0 603.0 3
299.0 645.0 363.0 712.0 3
365.0 453.0 426.0 514.0 3
365.0 538.0 426.0 603.0 3
365.0 645.0 426.0 712.0 3
429.0 453.0 493.0 514.0 3
429.0 538.0 493.0 603.0 3
429.0 645.0 493.0 712.0 3
495.0 453.0 559.0 514.0 3
495.0 538.0 559.0 603.0 3
495.0 645.0 559.0 712.0 3
849.0 189.0 909.0 254.0 3
911.0 189.0 973.0 254.0 3
825.0 454.0 887.0 518.0 3
894.0 454.0 956.0 518.0 3
823.0 536.0 883.0 597.0 3
894.0 536.0 956.0 597.0 3
815.0 639.0 879.0 703.0 3
893.0 639.0 961.0 703.0 3
