302.0 227.0 338.0 272.0 10
353.0 131.0 389.0 181.0 10
226.0 561.0 273.0 599.0 10
735.0 585.0 785.0 625.0 10
790.0 611.0 842.0 643.0 10
570.0 65.0 618.0 93.0 10
560.0 117.0 599.0 144.0 10
527.0 132.0 571.0 162.0 10
516.0 154.0 555.0 181.0 10
505.0 175.0 548.0 207.0 10
484.0 196.0 533.0 232.0 10
476.0 222.0 517.0 255.0 10
463.0 248.0 505.0 281.0 10
454.0 270.0 494.0 303.0 10
496.0 283.0 545.0 320.0 10
491.0 311.0 533.0 343.0 10
431.0 313.0 475.0 349.0 10
474.0 333.0 520.0 370.0 10
254.0 306.0 294.0 353.0 10
135.0 520.0 167.0 563.0 10
826.0 516.0 880.0 550.0 10
